ce,cp,eps1,fs1,fs2,ps1,ps2,ps3,ps4,ps5,ps6,se,ts1,ts2,ts3,ts4,vs1,iteration,cohort,date_time,cooler_condition,valve_condition,internal_pump_leakage,hydrolic_acucumlator_bar,stable_flag
36.615,1.74,2491.0,0.003,10.16,172.73,2.148,0,0.0,9.992,9.866,69.94,35.82,41.043,38.496,32.281,0.616,0,39,2017-11-21 00:00:00,3,100,0,130,1
24.74,1.203,2473.4,0.008,10.399,168.55,2.391,0,0.0,9.71,9.593,70.365,37.051,41.766,38.992,34.742,0.57,60,39,2017-11-21 01:00:00,3,100,0,130,1
21.54,1.077,2466.4,0.0,10.387,168.25,1.984,0,0.0,9.601,9.495,70.287,38.301,42.676,39.656,35.801,0.583,120,39,2017-11-21 02:00:00,3,100,0,130,1
19.675,1.024,2444.4,0.0,10.331,167.77,1.461,0,0.0,9.474,9.38,70.294,39.273,43.641,40.41,36.711,0.587,180,39,2017-11-21 03:00:00,3,100,0,130,1
19.419,1.054,2432.4,0.0,10.279,167.54,2.133,0,0.0,9.386,9.284,70.724,40.219,44.617,41.414,37.586,0.592,240,39,2017-11-21 04:00:00,3,100,0,130,1
18.781,1.051,2424.4,0.003,10.213,167.16,2.141,0,0.0,9.344,9.252,70.5,41.051,45.387,42.187,38.328,0.59,300,39,2017-11-21 05:00:00,3,100,0,130,1
18.459,1.076,2414.6,0.0,10.146,166.97,1.852,0,0.0,9.248,9.162,70.363,41.891,46.199,43.027,39.102,0.608,360,39,2017-11-21 06:00:00,3,100,0,130,1
17.498,1.033,2403.0,0.003,10.096,166.72,1.148,0,0.0,9.236,9.152,70.569,42.625,46.91,43.465,39.676,0.582,420,39,2017-11-21 07:00:00,3,100,0,130,1
17.897,1.086,2401.0,0.001,10.061,166.53,1.055,0,0.0,9.198,9.109,70.404,43.316,47.559,44.211,40.242,0.577,480,39,2017-11-21 08:00:00,3,100,0,130,1
17.948,1.111,2406.6,0.001,10.021,166.43,1.125,0,0.0,9.161,9.075,70.765,43.891,48.211,44.793,40.676,0.579,540,39,2017-11-21 09:00:00,3,100,0,130,1
17.875,1.13,2410.0,0.003,9.984,166.51,1.883,0,0.0,9.068,8.986,70.514,44.437,48.758,45.379,41.164,0.589,600,39,2017-11-21 10:00:00,3,100,0,130,1
17.864,1.147,2405.8,0.0,9.943,166.24,1.094,0,0.0,9.032,8.948,70.294,44.98,49.301,45.945,41.641,0.6,660,39,2017-11-21 11:00:00,3,100,0,130,1
17.167,1.127,2399.8,0.0,9.92,166.27,0.953,0,0.0,8.979,8.906,70.388,45.527,49.762,46.391,42.043,0.603,720,39,2017-11-21 12:00:00,3,100,0,130,1
17.52,1.173,2396.0,0.003,9.914,166.13,0.992,0,0.0,8.995,8.911,70.948,45.992,50.234,46.871,42.473,0.592,780,39,2017-11-21 13:00:00,3,100,0,130,1
17.533,1.187,2390.4,0.003,9.849,165.68,1.359,0,0.0,8.963,8.887,70.562,46.312,50.703,47.32,42.887,0.589,840,39,2017-11-21 14:00:00,3,100,0,130,1
17.258,1.171,2382.8,0.004,9.842,165.51,1.836,0,0.0,8.896,8.823,70.771,46.762,51.09,47.656,43.215,0.587,900,39,2017-11-21 15:00:00,3,100,0,130,1
17.453,1.201,2381.0,0.009,9.823,165.51,1.055,0,0.0,8.868,8.804,70.686,47.199,51.5,48.004,43.469,0.598,960,39,2017-11-21 16:00:00,3,100,0,130,1
17.549,1.221,2373.0,0.001,9.771,165.48,1.047,0,0.0,8.899,8.833,70.68,47.43,51.844,48.414,43.801,0.601,1020,39,2017-11-21 17:00:00,3,100,0,130,1
17.263,1.214,2361.2,0.001,9.774,165.44,1.031,0,0.0,8.856,8.784,70.708,47.84,52.18,48.738,44.113,0.638,1080,39,2017-11-21 18:00:00,3,100,0,130,1
17.197,1.215,2363.2,0.001,9.739,165.41,0.945,0,0.0,8.82,8.755,70.734,48.07,52.488,49.035,44.391,0.61,1140,39,2017-11-21 19:00:00,3,100,0,130,1
17.288,1.229,2343.4,0.001,9.709,165.27,0.977,0,0.0,8.779,8.714,70.595,48.359,52.75,49.238,44.527,0.636,1200,39,2017-11-21 20:00:00,3,100,0,130,1
17.658,1.266,2347.4,0.003,9.67,165.11,0.844,0,0.0,8.861,8.795,71.041,48.543,52.992,49.586,44.727,0.648,1260,39,2017-11-21 21:00:00,3,100,0,130,1
17.82,1.286,2345.4,0.005,9.642,164.95,1.695,0,0.0,8.812,8.741,70.901,48.773,53.242,49.855,44.867,0.622,1320,39,2017-11-21 22:00:00,3,100,0,130,1
17.443,1.269,2339.4,0.0,9.599,164.78,0.867,0,0.0,8.804,8.732,71.02,49.035,53.41,49.98,45.121,0.634,1380,39,2017-11-21 23:00:00,3,100,0,130,1
17.32,1.258,2333.4,0.001,9.646,164.99,1.797,0,0.0,8.822,8.747,70.719,49.195,53.605,50.176,45.305,0.64,1440,39,2017-11-22 00:00:00,3,100,0,130,1
17.792,1.307,2325.4,0.003,9.572,164.92,1.773,0,0.0,8.769,8.703,70.881,49.449,53.781,50.418,45.391,0.637,1500,39,2017-11-22 01:00:00,3,100,0,130,1
17.692,1.299,2315.4,0.003,9.555,164.87,1.516,0,0.0,8.797,8.735,70.793,49.621,54.035,50.586,45.531,0.63,1560,39,2017-11-22 02:00:00,3,100,0,130,1
18.17,1.347,2313.6,0.001,9.575,164.71,1.055,0,0.0,8.785,8.71,70.972,49.77,54.18,50.844,45.621,0.652,1620,39,2017-11-22 03:00:00,3,100,0,130,1
17.789,1.318,2313.4,0.003,9.574,164.52,1.602,0,0.0,8.775,8.707,70.579,50.012,54.355,51.027,45.879,0.646,1680,39,2017-11-22 04:00:00,3,100,0,130,1
17.957,1.345,2309.6,0.001,9.539,164.48,1.75,0,0.0,8.778,8.71,70.725,50.129,54.531,51.109,45.879,0.633,1740,39,2017-11-22 05:00:00,3,100,0,130,1
18.179,1.351,2302.0,0.0,9.485,164.3,1.641,0,0.0,8.75,8.684,70.894,50.211,54.609,51.281,45.965,0.637,1800,39,2017-11-22 06:00:00,3,100,0,130,1
18.012,1.349,2314.6,0.0,9.514,164.24,1.562,0,0.0,8.755,8.684,70.758,50.371,54.742,51.434,46.18,0.646,1860,39,2017-11-22 07:00:00,3,100,0,130,1
18.223,1.369,2330.6,0.001,9.517,164.22,1.602,0,0.0,8.779,8.715,70.874,50.449,54.867,51.512,46.18,0.645,1920,39,2017-11-22 08:00:00,3,100,0,130,1
17.889,1.362,2331.6,0.0,9.495,164.27,1.648,0,0.0,8.75,8.689,70.663,50.547,55.035,51.605,46.289,0.628,1980,39,2017-11-22 09:00:00,3,100,0,130,1
18.042,1.355,2345.6,0.004,9.472,164.23,1.719,0,0.0,8.717,8.661,70.898,50.703,55.156,51.773,46.457,0.639,2040,39,2017-11-22 10:00:00,3,100,0,130,1
18.372,1.384,2326.6,0.0,9.482,163.93,1.508,0,0.0,8.755,8.696,70.789,50.773,55.207,51.84,46.453,0.645,2100,39,2017-11-22 11:00:00,3,100,0,130,1
18.219,1.377,2346.6,0.003,9.488,163.89,0.875,0,0.0,8.764,8.696,70.733,50.875,55.387,52.039,46.594,0.635,2160,39,2017-11-22 12:00:00,3,100,0,130,1
18.267,1.375,2354.0,0.001,9.465,164.02,1.57,0,0.0,8.75,8.694,70.696,50.953,55.469,52.027,46.625,0.649,2220,39,2017-11-22 13:00:00,3,100,0,130,1
18.505,1.398,2362.2,0.005,9.454,163.88,0.953,0,0.0,8.736,8.665,70.716,50.965,55.477,52.203,46.719,0.665,2280,39,2017-11-22 14:00:00,3,100,0,130,1
18.94,1.439,2359.6,0.003,9.448,163.95,0.766,0,0.0,8.736,8.672,70.897,51.125,55.598,52.293,46.629,0.637,2340,39,2017-11-22 15:00:00,3,100,0,130,1
19.191,1.469,2359.4,0.004,9.428,163.84,0.719,0,0.0,8.758,8.705,70.652,51.219,55.719,52.387,46.613,0.63,2400,39,2017-11-22 16:00:00,3,100,0,130,1
18.61,1.419,2358.8,0.003,9.415,163.98,1.641,0,0.0,8.729,8.663,70.722,51.262,55.723,52.461,46.867,0.651,2460,39,2017-11-22 17:00:00,3,100,0,130,1
18.549,1.419,2348.6,0.004,9.425,163.92,1.273,0,0.0,8.732,8.665,70.778,51.395,55.832,52.469,46.937,0.627,2520,39,2017-11-22 18:00:00,3,100,0,130,1
18.917,1.449,2343.8,0.001,9.413,163.78,1.391,0,0.0,8.747,8.691,70.699,51.391,55.898,52.543,46.855,0.637,2580,39,2017-11-22 19:00:00,3,100,0,130,1
18.564,1.433,2319.2,0.003,9.419,163.6,1.492,0,0.0,8.705,8.644,70.975,51.477,55.969,52.637,47.035,0.629,2640,39,2017-11-22 20:00:00,3,100,0,130,1
18.566,1.424,2315.4,0.0,9.366,163.73,1.211,0,0.0,8.692,8.623,70.632,51.461,55.996,52.711,47.094,0.639,2700,39,2017-11-22 21:00:00,3,100,0,130,1
18.675,1.439,2309.4,0.0,9.414,163.66,0.875,0,0.0,8.745,8.684,70.814,51.555,55.98,52.793,47.105,0.656,2760,39,2017-11-22 22:00:00,3,100,0,130,1
18.883,1.442,2297.6,0.005,9.373,163.7,0.812,0,0.0,8.689,8.628,70.663,51.656,56.156,52.793,47.094,0.639,2820,39,2017-11-22 23:00:00,3,100,0,130,1
18.966,1.46,2289.6,0.004,9.415,163.73,0.937,0,0.0,8.682,8.623,70.537,51.711,56.223,52.867,47.109,0.642,2880,39,2017-11-23 00:00:00,3,100,0,130,1
19.469,1.499,2309.6,0.004,9.415,163.6,1.547,0,0.0,8.743,8.683,70.646,51.73,56.227,52.945,47.027,0.632,2940,39,2017-11-23 01:00:00,3,100,0,130,1
19.512,1.499,2322.6,0.003,9.414,163.66,0.812,0,0.0,8.724,8.661,70.947,51.797,56.32,52.949,47.027,0.639,3000,39,2017-11-23 02:00:00,3,100,0,130,1
18.91,1.457,2347.0,0.004,9.389,163.58,1.672,0,0.0,8.663,8.602,70.805,51.887,56.332,53.051,47.277,0.635,3060,39,2017-11-23 03:00:00,3,100,0,130,1
19.258,1.487,2345.0,0.003,9.369,163.44,1.094,0,0.0,8.678,8.619,70.933,51.875,56.402,53.078,47.199,0.639,3120,39,2017-11-23 04:00:00,3,100,0,130,1
19.216,1.485,2356.2,0.001,9.386,163.66,0.758,0,0.0,8.72,8.658,70.985,51.883,56.473,53.051,47.207,0.625,3180,39,2017-11-23 05:00:00,3,100,0,130,1
19.58,1.518,2350.2,0.0,9.379,163.58,0.703,0,0.0,8.715,8.666,70.728,51.953,56.473,53.203,47.199,0.629,3240,39,2017-11-23 06:00:00,3,100,0,130,1
19.101,1.47,2355.4,0.003,9.344,163.73,1.508,0,0.0,8.684,8.621,70.799,52.059,56.508,53.203,47.359,0.636,3300,39,2017-11-23 07:00:00,3,100,0,130,1
18.935,1.458,2354.2,0.0,9.333,163.55,0.812,0,0.0,8.684,8.62,70.972,52.031,56.566,53.293,47.504,0.646,3360,39,2017-11-23 08:00:00,3,100,0,130,1
19.235,1.486,2353.0,0.0,9.355,163.5,1.516,0,0.0,8.71,8.648,70.605,52.043,56.605,53.293,47.367,0.65,3420,39,2017-11-23 09:00:00,3,100,0,130,1
19.548,1.512,2354.8,0.003,9.357,163.68,1.539,0,0.0,8.697,8.642,70.723,52.137,56.703,53.277,47.273,0.641,3480,39,2017-11-23 10:00:00,3,100,0,130,1
19.196,1.477,2352.4,0.003,9.341,163.41,1.43,0,0.0,8.698,8.645,71.1,52.141,56.746,53.332,47.437,0.654,3540,39,2017-11-23 11:00:00,3,100,0,130,1
19.121,1.476,2349.2,0.004,9.33,163.66,0.898,0,0.0,8.72,8.66,70.917,52.137,56.746,53.387,47.512,0.639,3600,39,2017-11-23 12:00:00,3,100,0,130,1
19.824,1.534,2339.6,0.007,9.354,163.42,1.508,0,0.0,8.71,8.651,70.971,52.211,56.758,53.387,47.289,0.64,3660,39,2017-11-23 13:00:00,3,100,0,130,1
19.531,1.519,2340.6,0.003,9.352,163.63,0.914,0,0.0,8.705,8.646,70.925,52.152,56.766,53.473,47.453,0.642,3720,39,2017-11-23 14:00:00,3,100,0,130,1
19.759,1.53,2338.6,0.003,9.338,163.37,0.789,0,0.0,8.71,8.661,70.92,52.211,56.781,53.469,47.371,0.641,3780,39,2017-11-23 15:00:00,3,100,0,130,1
19.764,1.529,2337.2,0.006,9.341,163.61,1.414,0,0.0,8.724,8.661,70.93,52.309,56.848,53.48,47.359,0.636,3840,39,2017-11-23 16:00:00,3,100,0,130,1
20.095,1.554,2333.8,0.004,9.37,163.54,1.445,0,0.0,8.712,8.648,71.259,52.246,56.812,53.484,47.281,0.651,3900,39,2017-11-23 17:00:00,3,100,0,130,1
18.76,1.461,2333.6,0.0,9.323,163.44,0.711,0,0.0,8.705,8.639,70.871,52.297,56.84,53.562,47.762,0.641,3960,39,2017-11-23 18:00:00,3,100,0,130,1
19.311,1.501,2320.6,0.004,9.358,163.5,1.18,0,0.0,8.707,8.641,71.101,52.309,56.902,53.523,47.539,0.628,4020,39,2017-11-23 19:00:00,3,100,0,130,1
19.535,1.519,2307.4,0.003,9.312,163.46,1.594,0,0.0,8.665,8.604,70.621,52.285,56.918,53.555,47.523,0.642,4080,39,2017-11-23 20:00:00,3,100,0,130,1
19.67,1.54,2301.4,0.003,9.328,163.47,0.719,0,0.0,8.661,8.604,70.954,52.402,56.988,53.629,47.539,0.635,4140,39,2017-11-23 21:00:00,3,100,0,130,1
19.148,1.483,2297.6,0.0,9.307,163.58,0.82,0,0.0,8.67,8.62,70.758,52.395,56.984,53.633,47.727,0.638,4200,39,2017-11-23 22:00:00,3,100,0,130,1
19.165,1.468,2299.4,0.001,9.299,163.57,1.742,0,0.0,8.696,8.638,70.609,52.539,56.977,53.629,47.777,0.665,4260,39,2017-11-23 23:00:00,3,100,0,130,1
19.259,1.449,2297.4,0.001,9.326,163.56,0.766,0,0.0,8.698,8.637,70.603,52.566,57.0,53.766,47.992,0.655,4320,39,2017-11-24 00:00:00,3,100,0,130,1
19.599,1.475,2293.6,0.001,9.338,163.48,1.562,0,0.0,8.681,8.637,71.052,52.738,57.004,53.793,47.934,0.651,4380,39,2017-11-24 01:00:00,3,100,0,130,1
20.476,1.534,2295.4,0.0,9.299,163.48,0.797,0,0.0,8.658,8.604,71.061,52.727,57.105,53.887,47.762,0.65,4440,39,2017-11-24 02:00:00,3,100,0,130,1
19.837,1.49,2287.6,0.007,9.329,163.47,0.859,0,0.0,8.678,8.627,70.946,52.727,57.145,53.961,48.027,0.632,4500,39,2017-11-24 03:00:00,3,100,0,130,1
19.575,1.467,2333.6,0.004,9.317,163.44,1.562,0,0.0,8.663,8.602,70.628,52.828,57.23,53.969,48.105,0.646,4560,39,2017-11-24 04:00:00,3,100,0,130,1
19.723,1.484,2339.6,0.003,9.299,163.26,1.383,0,0.0,8.646,8.6,70.808,52.902,57.242,54.062,48.172,0.636,4620,39,2017-11-24 05:00:00,3,100,0,130,1
19.871,1.492,2343.6,0.003,9.291,163.5,1.508,0,0.0,8.672,8.609,70.904,52.98,57.258,54.129,48.199,0.638,4680,39,2017-11-24 06:00:00,3,100,0,130,1
20.58,1.545,2347.6,0.001,9.277,163.31,1.57,0,0.0,8.637,8.575,70.944,52.969,57.312,54.176,48.039,0.635,4740,39,2017-11-24 07:00:00,3,100,0,130,1
20.159,1.508,2349.6,0.0,9.303,163.44,1.492,0,0.0,8.663,8.609,70.632,52.992,57.336,54.203,48.16,0.641,4800,39,2017-11-24 08:00:00,3,100,0,130,1
19.637,1.468,2351.2,0.003,9.268,163.35,1.539,0,0.0,8.62,8.565,70.778,53.074,57.41,54.211,48.363,0.645,4860,39,2017-11-24 09:00:00,3,100,0,130,1
20.452,1.526,2353.2,0.0,9.303,163.31,1.406,0,0.0,8.67,8.608,70.899,53.07,57.457,54.289,48.203,0.637,4920,39,2017-11-24 10:00:00,3,100,0,130,1
20.518,1.543,2348.4,0.001,9.306,163.39,1.695,0,0.0,8.661,8.604,70.713,53.148,57.512,54.379,48.266,0.651,4980,39,2017-11-24 11:00:00,3,100,0,130,1
20.049,1.498,2340.2,0.003,9.277,163.36,1.391,0,0.0,8.651,8.591,70.958,53.164,57.488,54.375,48.402,0.64,5040,39,2017-11-24 12:00:00,3,100,0,130,1
19.862,1.501,2325.0,0.0,9.276,163.37,1.336,0,0.0,8.649,8.596,70.761,53.215,57.512,54.379,48.391,0.64,5100,39,2017-11-24 13:00:00,3,100,0,130,1
19.854,1.508,2311.4,0.004,9.276,163.48,1.641,0,0.0,8.634,8.576,71.009,53.137,57.574,54.359,48.371,0.64,5160,39,2017-11-24 14:00:00,3,100,0,130,1
19.944,1.516,2299.8,0.004,9.266,163.41,1.547,0,0.0,8.575,8.523,70.461,53.215,57.598,54.375,48.344,0.639,5220,39,2017-11-24 15:00:00,3,100,0,130,1
20.699,1.556,2285.6,0.0,9.279,163.46,0.797,0,0.0,8.595,8.546,70.709,53.219,57.621,54.363,48.148,0.635,5280,39,2017-11-24 16:00:00,3,100,0,130,1
20.235,1.537,2316.4,0.004,9.267,163.6,0.758,0,0.0,8.621,8.547,70.732,53.227,57.648,54.457,48.348,0.648,5340,39,2017-11-24 17:00:00,3,100,0,130,1
20.401,1.543,2358.8,0.0,9.267,163.71,0.789,0,0.0,8.597,8.536,70.756,53.23,57.68,54.457,48.27,0.64,5400,39,2017-11-24 18:00:00,3,100,0,130,1
19.963,1.516,2350.6,0.001,9.258,163.59,1.516,0,0.0,8.598,8.54,70.556,53.309,57.707,54.453,48.437,0.637,5460,39,2017-11-24 19:00:00,3,100,0,130,1
20.436,1.542,2319.6,0.004,9.25,163.65,1.391,0,0.0,8.619,8.55,70.453,53.395,57.695,54.574,48.437,0.64,5520,39,2017-11-24 20:00:00,3,100,0,130,1
20.448,1.536,2297.8,0.006,9.263,163.41,1.391,0,0.0,8.624,8.552,70.578,53.375,57.734,54.566,48.426,0.631,5580,39,2017-11-24 21:00:00,3,100,0,130,1
20.392,1.527,2351.4,0.0,9.273,164.0,0.734,0,0.0,8.658,8.599,70.741,53.402,57.734,54.621,48.52,0.629,5640,39,2017-11-24 22:00:00,3,100,0,130,1
21.055,1.576,2352.6,0.001,9.269,163.73,1.336,0,0.0,8.619,8.557,70.962,53.402,57.75,54.621,48.332,0.635,5700,39,2017-11-24 23:00:00,3,100,0,130,1
20.396,1.536,2342.4,0.0,9.308,163.81,0.766,0,0.0,8.663,8.608,70.52,53.406,57.742,54.723,48.582,0.622,5760,39,2017-11-25 00:00:00,3,100,0,130,1
19.636,1.494,2308.0,0.001,9.252,163.84,0.844,0,0.0,8.618,8.561,70.909,53.496,57.824,54.617,48.664,0.651,5820,39,2017-11-25 01:00:00,3,100,0,130,1
19.368,1.486,2294.0,0.001,9.261,164.12,1.508,0,0.0,8.633,8.568,70.995,53.5,57.914,54.687,48.773,0.632,5880,39,2017-11-25 02:00:00,3,100,0,130,1
19.573,1.483,2343.6,0.0,9.274,164.03,1.352,0,0.0,8.644,8.59,70.859,53.461,57.906,54.684,48.742,0.635,5940,39,2017-11-25 03:00:00,3,100,0,130,1
19.371,1.461,2365.4,0.001,9.29,164.3,1.414,0,0.0,8.633,8.573,70.799,53.555,57.91,54.695,48.809,0.648,6000,39,2017-11-25 04:00:00,3,100,0,130,1
19.166,1.482,2352.2,0.001,9.266,164.0,0.625,0,0.0,8.634,8.573,70.859,53.473,57.922,54.738,48.793,0.65,6060,39,2017-11-25 05:00:00,3,100,0,130,1
19.43,1.492,2352.2,0.007,9.23,164.08,1.391,0,0.0,8.58,8.514,70.732,53.562,57.98,54.805,48.801,0.641,6120,39,2017-11-25 06:00:00,3,100,0,130,1
19.543,1.496,2359.2,0.0,9.26,164.57,1.102,0,0.0,8.616,8.546,70.814,53.578,58.008,54.781,48.762,0.636,6180,39,2017-11-25 07:00:00,3,100,0,130,1
19.605,1.491,2344.6,0.003,9.27,163.57,0.687,0,0.0,8.628,8.566,70.885,53.629,57.988,54.762,48.809,0.624,6240,39,2017-11-25 08:00:00,3,100,0,130,1
19.433,1.483,2352.0,0.001,9.258,164.11,0.945,0,0.0,8.596,8.541,70.804,53.633,58.004,54.738,48.836,0.639,6300,39,2017-11-25 09:00:00,3,100,0,130,1
19.176,1.461,2346.0,0.004,9.281,164.06,0.742,0,0.0,8.636,8.572,70.991,53.617,58.008,54.793,48.941,0.652,6360,39,2017-11-25 10:00:00,3,100,0,130,1
19.527,1.485,2346.2,0.004,9.236,163.9,1.383,0,0.0,8.594,8.536,70.946,53.656,58.004,54.891,48.934,0.634,6420,39,2017-11-25 11:00:00,3,100,0,130,1
20.039,1.521,2342.2,0.001,9.243,163.93,1.383,0,0.0,8.614,8.54,70.758,53.734,58.027,54.891,48.824,0.648,6480,39,2017-11-25 12:00:00,3,100,0,130,1
19.429,1.461,2343.2,0.0,9.248,164.2,0.742,0,0.0,8.59,8.54,70.754,53.727,58.055,54.891,49.012,0.642,6540,39,2017-11-25 13:00:00,3,100,0,130,1
19.928,1.5,2348.2,0.001,9.251,164.68,1.211,0,0.0,8.618,8.563,70.756,53.746,58.02,54.969,48.945,0.635,6600,39,2017-11-25 14:00:00,3,100,0,130,1
19.873,1.504,2356.8,0.007,9.231,164.75,1.469,0,0.0,8.592,8.54,70.822,53.816,58.152,54.973,48.934,0.664,6660,39,2017-11-25 15:00:00,3,100,0,130,1
19.421,1.484,2340.0,0.004,9.219,165.13,1.43,0,0.0,8.568,8.499,70.562,53.832,58.18,54.98,49.023,0.645,6720,39,2017-11-25 16:00:00,3,100,0,130,1
19.6,1.489,2321.0,0.004,9.218,164.09,0.625,0,0.0,8.576,8.52,70.627,53.746,58.195,55.02,49.031,0.65,6780,39,2017-11-25 17:00:00,3,100,0,130,1
19.518,1.481,2327.0,0.005,9.24,164.81,0.734,0,0.0,8.604,8.545,70.704,53.816,58.207,54.973,49.047,0.643,6840,39,2017-11-25 18:00:00,3,100,0,130,1
19.82,1.498,2309.4,0.003,9.24,164.56,1.227,0,0.0,8.575,8.511,70.346,53.82,58.246,55.023,49.0,0.655,6900,39,2017-11-25 19:00:00,3,100,0,130,1
19.808,1.498,2309.4,0.003,9.223,164.44,1.016,0,0.0,8.582,8.52,70.541,53.812,58.266,55.062,49.039,0.632,6960,39,2017-11-25 20:00:00,3,100,0,130,1
19.829,1.498,2315.4,0.0,9.252,164.33,1.273,0,0.0,8.616,8.556,70.707,53.828,58.277,55.066,49.074,0.648,7020,39,2017-11-25 21:00:00,3,100,0,130,1
19.917,1.499,2321.2,0.001,9.217,164.78,0.711,0,0.0,8.587,8.535,70.58,53.91,58.262,55.133,49.105,0.632,7080,39,2017-11-25 22:00:00,3,100,0,130,1
19.921,1.524,2323.0,0.001,9.226,164.38,1.109,0,0.0,8.579,8.519,70.897,53.898,58.262,55.234,49.102,0.649,7140,39,2017-11-25 23:00:00,3,100,0,130,1
19.423,1.486,2323.0,0.001,9.248,163.89,1.437,0,0.0,8.599,8.545,70.645,53.977,58.277,55.047,49.047,0.635,7200,39,2017-11-26 00:00:00,3,100,0,130,1
19.488,1.503,2315.4,0.004,9.19,164.67,0.82,0,0.0,8.572,8.516,70.702,53.906,58.34,55.133,49.117,0.653,7260,39,2017-11-26 01:00:00,3,100,0,130,1
19.422,1.496,2307.4,0.0,9.24,164.41,1.102,0,0.0,8.581,8.531,70.633,53.895,58.328,55.129,49.098,0.657,7320,39,2017-11-26 02:00:00,3,100,0,130,1
19.468,1.499,2315.4,0.003,9.236,164.36,1.469,0,0.0,8.585,8.525,70.63,53.832,58.348,55.227,49.098,0.631,7380,39,2017-11-26 03:00:00,3,100,0,130,1
19.334,1.5,2317.2,0.0,9.218,164.19,0.656,0,0.0,8.571,8.528,70.585,53.91,58.344,55.215,49.203,0.651,7440,39,2017-11-26 04:00:00,3,100,0,130,1
19.064,1.479,2323.0,0.0,9.206,164.14,1.445,0,0.0,8.575,8.507,70.798,53.992,58.367,55.145,49.203,0.646,7500,39,2017-11-26 05:00:00,3,100,0,130,1
19.279,1.499,2321.2,0.0,9.219,164.52,1.352,0,0.0,8.552,8.501,70.734,53.91,58.402,55.238,49.191,0.637,7560,39,2017-11-26 06:00:00,3,100,0,130,1
20.96,1.631,2313.2,0.0,9.252,164.25,1.516,0,0.0,8.614,8.56,70.568,53.98,58.43,55.238,48.785,0.641,7620,39,2017-11-26 07:00:00,3,100,0,130,1
19.317,1.502,2305.4,0.003,9.185,163.9,0.812,0,0.0,8.561,8.501,70.732,54.012,58.43,55.223,49.203,0.646,7680,39,2017-11-26 08:00:00,3,100,0,130,1
19.357,1.511,2305.4,0.003,9.23,164.44,1.516,0,0.0,8.588,8.538,70.732,53.926,58.422,55.238,49.195,0.639,7740,39,2017-11-26 09:00:00,3,100,0,130,1
19.663,1.527,2301.4,0.006,9.237,164.52,0.922,0,0.0,8.583,8.514,70.678,54.0,58.437,55.242,49.102,0.66,7800,39,2017-11-26 10:00:00,3,100,0,130,1
19.348,1.513,2290.8,0.005,9.22,164.66,1.359,0,0.0,8.569,8.515,70.665,54.027,58.457,55.242,49.184,0.649,7860,39,2017-11-26 11:00:00,3,100,0,130,1
19.314,1.503,2302.6,0.0,9.217,164.49,0.781,0,0.0,8.561,8.504,70.705,54.07,58.496,55.215,49.191,0.644,7920,39,2017-11-26 12:00:00,3,100,0,130,1
19.307,1.5,2304.6,0.0,9.204,164.65,1.078,0,0.0,8.618,8.562,70.735,54.082,58.508,55.227,49.18,0.642,7980,39,2017-11-26 13:00:00,3,100,0,130,1
19.357,1.505,2304.4,0.0,9.212,164.52,1.516,0,0.0,8.552,8.496,70.782,54.012,58.52,55.254,49.207,0.644,8040,39,2017-11-26 14:00:00,3,100,0,130,1
19.185,1.496,2339.6,0.003,9.209,164.66,0.758,0,0.0,8.582,8.523,70.75,54.02,58.523,55.223,49.211,0.645,8100,39,2017-11-26 15:00:00,3,100,0,130,1
19.593,1.524,2357.6,0.003,9.243,165.06,0.656,0,0.0,8.613,8.549,70.794,54.004,58.504,55.305,49.184,0.632,8160,39,2017-11-26 16:00:00,3,100,0,130,1
19.488,1.522,2358.0,0.006,9.201,164.0,1.445,0,0.0,8.588,8.528,70.746,54.055,58.508,55.32,49.195,0.634,8220,39,2017-11-26 17:00:00,3,100,0,130,1
19.242,1.49,2360.8,0.001,9.226,164.86,1.414,0,0.0,8.561,8.502,70.755,54.066,58.535,55.234,49.219,0.651,8280,39,2017-11-26 18:00:00,3,100,0,130,1
19.233,1.504,2366.6,0.0,9.227,165.3,0.734,0,0.0,8.601,8.533,70.801,54.012,58.52,55.234,49.234,0.632,8340,39,2017-11-26 19:00:00,3,100,0,130,1
19.481,1.515,2367.4,0.0,9.209,165.19,0.633,0,0.0,8.547,8.479,70.632,54.059,58.531,55.309,49.211,0.646,8400,39,2017-11-26 20:00:00,3,100,0,130,1
19.217,1.504,2369.4,0.0,9.207,165.41,1.328,0,0.0,8.578,8.531,70.725,54.074,58.531,55.309,49.277,0.651,8460,39,2017-11-26 21:00:00,3,100,0,130,1
19.141,1.492,2361.0,0.0,9.236,164.81,1.312,0,0.0,8.62,8.554,70.839,54.082,58.523,55.227,49.246,0.652,8520,39,2017-11-26 22:00:00,3,100,0,130,1
19.414,1.52,2358.6,0.011,9.194,164.82,0.766,0,0.0,8.586,8.528,70.799,54.086,58.543,55.309,49.262,0.638,8580,39,2017-11-26 23:00:00,3,100,0,130,1
19.352,1.51,2347.4,0.004,9.196,164.88,0.734,0,0.0,8.549,8.487,71.014,54.137,58.551,55.328,49.211,0.669,8640,39,2017-11-27 00:00:00,3,100,0,130,1
19.208,1.498,2338.6,0.003,9.212,164.95,1.461,0,0.0,8.603,8.543,70.725,54.176,58.613,55.234,49.223,0.642,8700,39,2017-11-27 01:00:00,3,100,0,130,1
19.276,1.503,2330.6,0.006,9.201,165.19,1.445,0,0.0,8.557,8.504,70.792,54.074,58.602,55.316,49.27,0.651,8760,39,2017-11-27 02:00:00,3,100,0,130,1
19.515,1.515,2323.4,0.003,9.206,165.08,1.102,0,0.0,8.559,8.518,70.903,54.059,58.59,55.398,49.27,0.654,8820,39,2017-11-27 03:00:00,3,100,0,130,1
19.507,1.525,2303.4,0.006,9.25,164.73,1.055,0,0.0,8.601,8.541,70.778,54.172,58.617,55.391,49.273,0.641,8880,39,2017-11-27 04:00:00,3,100,0,130,1
19.296,1.501,2299.4,0.0,9.184,164.84,1.133,0,0.0,8.554,8.5,70.843,54.164,58.605,55.41,49.262,0.641,8940,39,2017-11-27 05:00:00,3,100,0,130,1
19.487,1.525,2291.4,0.006,9.214,165.29,1.352,0,0.0,8.568,8.505,70.862,54.094,58.602,55.437,49.273,0.655,9000,39,2017-11-27 06:00:00,3,100,0,130,1
19.231,1.505,2343.0,0.0,9.243,165.19,1.414,0,0.0,8.594,8.53,70.96,54.18,58.602,55.398,49.363,0.652,9060,39,2017-11-27 07:00:00,3,100,0,130,1
19.52,1.523,2352.6,0.001,9.224,164.99,1.203,0,0.0,8.55,8.492,70.802,54.074,58.617,55.398,49.277,0.657,9120,39,2017-11-27 08:00:00,3,100,0,130,1
19.495,1.527,2365.4,0.0,9.22,165.01,1.273,0,0.0,8.594,8.541,70.936,54.16,58.59,55.391,49.27,0.643,9180,39,2017-11-27 09:00:00,3,100,0,130,1
19.158,1.5,2362.6,0.001,9.241,164.99,0.578,0,0.0,8.584,8.533,70.935,54.16,58.602,55.402,49.355,0.637,9240,39,2017-11-27 10:00:00,3,100,0,130,1
19.327,1.51,2359.2,0.003,9.208,165.01,1.281,0,0.0,8.554,8.491,70.757,54.152,58.617,55.437,49.363,0.652,9300,39,2017-11-27 11:00:00,3,100,0,130,1
19.483,1.52,2345.6,0.001,9.198,165.09,1.203,0,0.0,8.571,8.514,70.83,54.164,58.68,55.402,49.277,0.65,9360,39,2017-11-27 12:00:00,3,100,0,130,1
19.575,1.524,2323.2,0.001,9.232,164.99,0.687,0,0.0,8.601,8.531,70.714,54.082,58.629,55.402,49.262,0.643,9420,39,2017-11-27 13:00:00,3,100,0,130,1
19.358,1.514,2317.4,0.001,9.187,164.97,0.844,0,0.0,8.545,8.484,70.763,54.164,58.641,55.465,49.355,0.639,9480,39,2017-11-27 14:00:00,3,100,0,130,1
19.165,1.499,2305.4,0.003,9.186,164.67,1.352,0,0.0,8.562,8.494,70.682,54.27,58.711,55.398,49.367,0.641,9540,39,2017-11-27 15:00:00,3,100,0,130,1
19.163,1.499,2292.0,0.0,9.209,164.89,0.711,0,0.0,8.569,8.508,70.792,54.152,58.668,55.48,49.445,0.649,9600,39,2017-11-27 16:00:00,3,100,0,130,1
19.224,1.504,2289.4,0.003,9.193,165.3,1.258,0,0.0,8.601,8.53,70.448,54.238,58.695,55.402,49.355,0.629,9660,39,2017-11-27 17:00:00,3,100,0,130,1
19.637,1.535,2325.4,0.0,9.204,164.77,0.711,0,0.0,8.549,8.489,70.818,54.254,58.715,55.441,49.273,0.651,9720,39,2017-11-27 18:00:00,3,100,0,130,1
19.68,1.541,2326.4,0.003,9.238,165.33,1.227,0,0.0,8.592,8.53,70.712,54.238,58.707,55.441,49.27,0.652,9780,39,2017-11-27 19:00:00,3,100,0,130,1
19.322,1.514,2352.0,0.001,9.192,165.43,0.891,0,0.0,8.585,8.531,70.786,54.242,58.75,55.449,49.363,0.646,9840,39,2017-11-27 20:00:00,3,100,0,130,1
19.434,1.523,2367.4,0.0,9.196,165.22,0.977,0,0.0,8.557,8.495,70.636,54.23,58.766,55.496,49.363,0.656,9900,39,2017-11-27 21:00:00,3,100,0,130,1
19.153,1.496,2372.2,0.001,9.209,165.63,0.891,0,0.0,8.587,8.517,70.635,54.238,58.77,55.492,49.43,0.648,9960,39,2017-11-27 22:00:00,3,100,0,130,1
19.339,1.506,2356.6,0.001,9.221,165.44,0.703,0,0.0,8.564,8.504,70.745,54.266,58.766,55.441,49.355,0.65,10020,39,2017-11-27 23:00:00,3,100,0,130,1
19.432,1.518,2342.0,0.003,9.176,165.22,1.336,0,0.0,8.558,8.499,70.682,54.254,58.777,55.492,49.363,0.668,10080,39,2017-11-28 00:00:00,3,100,0,130,1
19.28,1.51,2327.4,0.0,9.194,165.48,1.281,0,0.0,8.588,8.538,70.727,54.242,58.754,55.496,49.441,0.647,10140,39,2017-11-28 01:00:00,3,100,0,130,1
19.549,1.526,2307.4,0.001,9.197,165.45,1.359,0,0.0,8.572,8.505,70.681,54.254,58.77,55.484,49.363,0.65,10200,39,2017-11-28 02:00:00,3,100,0,130,1
19.559,1.522,2295.4,0.0,9.22,165.31,1.328,0,0.0,8.556,8.488,70.753,54.27,58.844,55.484,49.445,0.665,10260,39,2017-11-28 03:00:00,3,100,0,130,1
19.519,1.525,2326.2,0.001,9.207,165.75,1.406,0,0.0,8.595,8.533,70.936,54.332,58.82,55.504,49.367,0.639,10320,39,2017-11-28 04:00:00,3,100,0,130,1
19.175,1.495,2364.6,0.0,9.218,165.08,1.492,0,0.0,8.554,8.502,70.82,54.324,58.848,55.496,49.5,0.649,10380,39,2017-11-28 05:00:00,3,100,0,130,1
19.067,1.484,2371.0,0.001,9.207,165.53,0.797,0,0.0,8.537,8.483,70.745,54.242,58.805,55.437,49.48,0.65,10440,39,2017-11-28 06:00:00,3,100,0,130,1
19.483,1.531,2358.6,0.001,9.201,165.31,0.703,0,0.0,8.602,8.541,70.841,54.246,58.82,55.574,49.441,0.66,10500,39,2017-11-28 07:00:00,3,100,0,130,1
19.243,1.486,2350.6,0.007,9.19,165.38,1.258,0,0.0,8.521,8.46,70.768,54.254,58.859,55.492,49.469,0.658,10560,39,2017-11-28 08:00:00,3,100,0,130,1
19.235,1.509,2350.0,0.003,9.185,165.48,0.687,0,0.0,8.583,8.519,70.691,54.238,58.875,55.508,49.473,0.653,10620,39,2017-11-28 09:00:00,3,100,0,130,1
19.205,1.496,2342.4,0.003,9.189,165.46,0.68,0,0.0,8.529,8.465,70.708,54.312,58.863,55.492,49.457,0.643,10680,39,2017-11-28 10:00:00,3,100,0,130,1
19.49,1.522,2325.2,0.004,9.226,165.02,0.797,0,0.0,8.599,8.535,70.723,54.324,58.875,55.574,49.445,0.649,10740,39,2017-11-28 11:00:00,3,100,0,130,1
19.334,1.504,2307.4,0.0,9.207,165.38,1.391,0,0.0,8.54,8.474,70.887,54.406,58.859,55.492,49.445,0.683,10800,39,2017-11-28 12:00:00,3,100,0,130,1
19.565,1.514,2295.4,0.001,9.176,165.76,0.844,0,0.0,8.573,8.505,70.973,54.398,58.887,55.586,49.461,0.658,10860,39,2017-11-28 13:00:00,3,100,0,130,1
19.541,1.527,2299.4,0.004,9.164,165.87,0.68,0,0.0,8.566,8.507,70.609,54.457,58.898,55.641,49.461,0.652,10920,39,2017-11-28 14:00:00,3,100,0,130,1
19.498,1.519,2293.8,0.005,9.187,165.67,1.383,0,0.0,8.568,8.502,70.909,54.32,58.875,55.652,49.516,0.659,10980,39,2017-11-28 15:00:00,3,100,0,130,1
19.543,1.52,2301.4,0.0,9.19,165.41,1.047,0,0.0,8.531,8.479,70.789,54.402,58.875,55.641,49.469,0.644,11040,39,2017-11-28 16:00:00,3,100,0,130,1
19.692,1.538,2341.6,0.001,9.191,165.31,1.273,0,0.0,8.523,8.457,70.883,54.406,58.875,55.641,49.473,0.644,11100,39,2017-11-28 17:00:00,3,100,0,130,1
19.556,1.518,2302.4,0.001,9.176,165.27,1.055,0,0.0,8.554,8.502,70.884,54.426,58.848,55.672,49.512,0.655,11160,39,2017-11-28 18:00:00,3,100,0,130,1
19.746,1.537,2301.4,0.0,9.219,165.72,1.273,0,0.0,8.575,8.514,70.513,54.418,58.871,55.711,49.508,0.658,11220,39,2017-11-28 19:00:00,3,100,0,130,1
19.748,1.537,2322.4,0.0,9.223,165.3,0.633,0,0.0,8.545,8.479,70.939,54.418,58.863,55.645,49.473,0.654,11280,39,2017-11-28 20:00:00,3,100,0,130,1
19.8,1.548,2344.4,0.0,9.167,165.49,1.281,0,0.0,8.531,8.469,70.738,54.391,58.918,55.68,49.449,0.666,11340,39,2017-11-28 21:00:00,3,100,0,130,1
19.512,1.515,2356.2,0.0,9.172,165.53,1.352,0,0.0,8.546,8.483,70.819,54.402,58.926,55.695,49.602,0.645,11400,39,2017-11-28 22:00:00,3,100,0,130,1
19.324,1.505,2368.8,0.001,9.216,165.29,1.437,0,0.0,8.564,8.512,71.023,54.492,58.953,55.645,49.613,0.662,11460,39,2017-11-28 23:00:00,3,100,0,130,1
19.77,1.531,2369.0,0.005,9.163,165.41,0.586,0,0.0,8.529,8.469,70.852,54.445,58.953,55.656,49.434,0.659,11520,39,2017-11-29 00:00:00,3,100,0,130,1
19.676,1.536,2364.6,0.001,9.176,165.48,0.687,0,0.0,8.562,8.508,70.798,54.414,58.953,55.668,49.516,0.656,11580,39,2017-11-29 01:00:00,3,100,0,130,1
19.701,1.524,2350.0,0.007,9.163,165.52,1.133,0,0.0,8.536,8.491,70.983,54.418,58.875,55.672,49.523,0.649,11640,39,2017-11-29 02:00:00,3,100,0,130,1
19.726,1.529,2352.0,0.001,9.177,165.46,1.281,0,0.0,8.566,8.503,71.07,54.457,58.957,55.699,49.527,0.653,11700,39,2017-11-29 03:00:00,3,100,0,130,1
19.789,1.534,2305.4,0.003,9.178,165.55,0.891,0,0.0,8.571,8.514,70.766,54.469,58.941,55.746,49.535,0.651,11760,39,2017-11-29 04:00:00,3,100,0,130,1
19.84,1.534,2285.4,0.001,9.143,165.27,1.227,0,0.0,8.502,8.447,71.075,54.492,58.945,55.687,49.512,0.637,11820,39,2017-11-29 05:00:00,3,100,0,130,1
19.889,1.537,2295.4,0.005,9.18,165.36,1.258,0,0.0,8.544,8.491,70.708,54.496,58.953,55.75,49.516,0.645,11880,39,2017-11-29 06:00:00,3,100,0,130,1
19.562,1.507,2303.4,0.001,9.142,165.48,1.352,0,0.0,8.568,8.507,70.764,54.484,59.023,55.687,49.594,0.657,11940,39,2017-11-29 07:00:00,3,100,0,130,1
19.51,1.519,2317.4,0.004,9.174,165.51,1.109,0,0.0,8.546,8.496,70.928,54.496,59.008,55.727,49.617,0.652,12000,39,2017-11-29 08:00:00,3,100,0,130,1
19.567,1.516,2323.2,0.001,9.164,165.59,0.687,0,0.0,8.515,8.448,70.877,54.469,59.027,55.723,49.602,0.649,12060,39,2017-11-29 09:00:00,3,100,0,130,1
19.285,1.503,2327.0,0.0,9.174,165.73,1.289,0,0.0,8.551,8.499,70.857,54.48,59.012,55.727,49.727,0.645,12120,39,2017-11-29 10:00:00,3,100,0,130,1
19.435,1.506,2325.0,0.005,9.173,165.57,0.609,0,0.0,8.527,8.472,70.749,54.496,59.02,55.738,49.672,0.651,12180,39,2017-11-29 11:00:00,3,100,0,130,1
19.635,1.524,2309.4,0.0,9.17,165.51,1.461,0,0.0,8.524,8.461,70.894,54.492,59.035,55.82,49.594,0.661,12240,39,2017-11-29 12:00:00,3,100,0,130,1
19.211,1.487,2309.4,0.003,9.192,165.56,1.258,0,0.0,8.539,8.494,70.776,54.598,59.055,55.695,49.68,0.662,12300,39,2017-11-29 13:00:00,3,100,0,130,1
19.415,1.504,2305.4,0.003,9.18,165.68,0.555,0,0.0,8.568,8.521,70.978,54.496,59.055,55.75,49.672,0.644,12360,39,2017-11-29 14:00:00,3,100,0,130,1
19.596,1.53,2297.4,0.003,9.194,165.69,0.703,0,0.0,8.535,8.484,70.513,54.578,59.105,55.828,49.707,0.647,12420,39,2017-11-29 15:00:00,3,100,0,130,1
19.794,1.539,2291.4,0.003,9.186,165.68,1.172,0,0.0,8.512,8.455,70.419,54.566,59.129,55.82,49.672,0.646,12480,39,2017-11-29 16:00:00,3,100,0,130,1
19.634,1.52,2297.4,0.001,9.193,165.66,0.586,0,0.0,8.519,8.474,70.426,54.574,59.117,55.809,49.719,0.646,12540,39,2017-11-29 17:00:00,3,100,0,130,1
19.677,1.52,2297.4,0.003,9.185,165.7,0.766,0,0.0,8.547,8.494,66.422,54.5,59.047,55.828,49.699,0.666,12600,39,2017-11-29 18:00:00,3,100,2,130,1
19.435,1.5,2335.4,0.0,9.209,164.23,0.656,0,0.0,8.562,8.517,10.236,54.246,58.547,55.66,49.605,0.742,12660,39,2017-11-29 19:00:00,3,73,2,130,0
19.51,1.505,2852.8,0.003,9.186,189.66,0.289,0,0.0,8.566,8.5,67.502,54.492,58.883,55.734,49.668,0.715,12720,39,2017-11-29 20:00:00,3,73,2,130,0
19.19,1.489,2408.4,0.0,9.194,166.02,1.406,0,0.0,8.573,8.512,65.859,54.414,58.875,55.699,49.707,0.695,12780,39,2017-11-29 21:00:00,3,73,2,130,0
19.531,1.497,2370.0,0.001,9.205,164.03,1.461,0,0.0,8.572,8.51,10.447,54.254,58.477,55.645,49.621,0.748,12840,39,2017-11-29 22:00:00,3,73,2,130,0
19.536,1.502,2323.2,0.003,9.217,161.9,1.352,0,0.0,8.534,8.472,10.198,54.324,58.316,55.641,49.605,0.749,12900,39,2017-11-29 23:00:00,3,73,2,130,0
19.329,1.487,2313.4,0.003,9.223,161.52,0.797,0,0.0,8.549,8.496,65.908,54.586,58.742,55.645,49.672,0.669,12960,39,2017-11-30 00:00:00,3,73,2,130,0
19.545,1.51,2341.4,0.0,9.231,164.27,1.461,0,0.0,8.533,8.482,66.163,54.469,58.875,55.727,49.68,0.662,13020,39,2017-11-30 01:00:00,3,73,2,130,0
19.389,1.491,2337.4,0.001,9.174,164.32,0.914,0,0.0,8.526,8.465,65.914,54.484,58.875,55.727,49.695,0.662,13080,39,2017-11-30 02:00:00,3,73,2,130,0
19.351,1.491,2339.4,0.001,9.181,163.55,0.664,0,0.0,8.55,8.481,66.225,54.469,58.863,55.734,49.738,0.652,13140,39,2017-11-30 03:00:00,3,73,2,130,0
19.53,1.501,2327.4,0.001,9.196,164.0,0.602,0,0.0,8.561,8.514,66.248,54.484,58.883,55.738,49.668,0.668,13200,39,2017-11-30 04:00:00,3,73,2,130,0
19.302,1.476,2327.4,0.006,9.187,163.91,1.234,0,0.0,8.524,8.476,66.046,54.426,58.883,55.723,49.727,0.67,13260,39,2017-11-30 05:00:00,3,80,2,130,0
19.476,1.492,2341.4,0.003,9.214,163.7,1.383,0,0.0,8.563,8.512,66.093,54.418,58.887,55.687,49.613,0.665,13320,39,2017-11-30 06:00:00,3,80,2,130,0
19.425,1.491,2369.6,0.001,9.208,163.76,1.203,0,0.0,8.531,8.471,65.846,54.496,58.859,55.66,49.684,0.676,13380,39,2017-11-30 07:00:00,3,80,2,130,0
19.379,1.484,2377.2,0.006,9.19,163.88,0.656,0,0.0,8.526,8.465,66.096,54.426,58.863,55.656,49.672,0.678,13440,39,2017-11-30 08:00:00,3,80,2,130,0
19.43,1.483,2386.2,0.0,9.174,164.0,1.367,0,0.0,8.572,8.514,66.202,54.414,58.871,55.672,49.711,0.655,13500,39,2017-11-30 09:00:00,3,80,2,130,0
19.737,1.517,2380.8,0.001,9.184,163.87,0.68,0,0.0,8.539,8.479,66.188,54.473,58.883,55.68,49.605,0.67,13560,39,2017-11-30 10:00:00,3,80,2,130,0
19.27,1.476,2362.4,0.001,9.199,164.02,1.211,0,0.0,8.514,8.453,66.102,54.48,58.875,55.652,49.699,0.679,13620,39,2017-11-30 11:00:00,3,80,2,130,0
19.653,1.507,2344.4,0.004,9.189,164.09,0.656,0,0.0,8.557,8.489,66.287,54.426,58.848,55.668,49.594,0.659,13680,39,2017-11-30 12:00:00,3,80,2,130,0
19.493,1.479,2370.4,0.003,9.185,164.04,1.336,0,0.0,8.515,8.458,65.99,54.465,58.871,55.672,49.672,0.661,13740,39,2017-11-30 13:00:00,3,80,2,130,0
19.478,1.495,2386.2,0.001,9.183,163.95,0.687,0,0.0,8.571,8.514,66.456,54.418,58.863,55.711,49.68,0.66,13800,39,2017-11-30 14:00:00,3,80,2,130,0
19.471,1.492,2374.2,0.001,9.158,163.98,0.687,0,0.0,8.51,8.446,66.436,54.473,58.887,55.684,49.668,0.675,13860,39,2017-11-30 15:00:00,3,90,2,130,0
19.886,1.534,2384.6,0.001,9.199,163.82,0.734,0,0.0,8.558,8.501,66.229,54.418,58.883,55.68,49.516,0.67,13920,39,2017-11-30 16:00:00,3,90,2,130,0
19.19,1.462,2375.0,0.001,9.163,164.16,1.25,0,0.0,8.503,8.435,66.223,54.492,58.863,55.578,49.684,0.675,13980,39,2017-11-30 17:00:00,3,90,2,130,0
19.425,1.492,2374.0,0.0,9.192,164.01,0.656,0,0.0,8.545,8.479,66.446,54.473,58.863,55.687,49.672,0.649,14040,39,2017-11-30 18:00:00,3,90,2,130,0
19.417,1.481,2368.0,0.001,9.174,164.19,0.641,0,0.0,8.519,8.464,66.12,54.5,58.871,55.66,49.68,0.661,14100,39,2017-11-30 19:00:00,3,90,2,130,0
19.936,1.525,2342.4,0.0,9.179,164.03,0.641,0,0.0,8.554,8.493,66.202,54.406,58.871,55.652,49.512,0.655,14160,39,2017-11-30 20:00:00,3,90,2,130,0
19.531,1.503,2321.4,0.004,9.214,164.08,0.758,0,0.0,8.539,8.479,66.177,54.469,58.871,55.66,49.687,0.655,14220,39,2017-11-30 21:00:00,3,90,2,130,0
19.397,1.481,2325.4,0.0,9.194,163.95,1.328,0,0.0,8.51,8.465,66.363,54.484,58.875,55.645,49.687,0.666,14280,39,2017-11-30 22:00:00,3,90,2,130,0
19.473,1.497,2343.4,0.001,9.199,163.92,0.734,0,0.0,8.554,8.493,65.992,54.457,58.883,55.672,49.672,0.662,14340,39,2017-11-30 23:00:00,3,90,2,130,0
19.403,1.492,2361.4,0.003,9.181,164.09,0.602,0,0.0,8.516,8.462,66.322,54.445,58.871,55.699,49.68,0.663,14400,39,2017-12-01 00:00:00,3,90,2,130,0
19.341,1.473,2359.4,0.003,9.219,164.09,0.766,0,0.0,8.55,8.506,66.157,54.508,58.875,55.68,49.75,0.664,14460,39,2017-12-01 01:00:00,3,100,2,130,0
19.542,1.49,2359.4,0.004,9.179,164.0,1.281,0,0.0,8.493,8.439,65.983,54.508,58.871,55.684,49.723,0.666,14520,39,2017-12-01 02:00:00,3,100,2,130,0
19.8,1.508,2376.4,0.0,9.181,164.08,1.047,0,0.0,8.568,8.51,66.244,54.508,58.871,55.746,49.672,0.669,14580,39,2017-12-01 03:00:00,3,100,2,130,0
19.544,1.485,2385.4,0.003,9.189,163.79,1.016,0,0.0,8.519,8.456,66.023,54.508,58.855,55.684,49.672,0.666,14640,39,2017-12-01 04:00:00,3,100,2,130,0
19.611,1.496,2385.0,0.0,9.209,164.15,1.133,0,0.0,8.54,8.491,66.268,54.5,58.887,55.746,49.699,0.667,14700,39,2017-12-01 05:00:00,3,100,2,130,0
19.687,1.505,2386.4,0.005,9.209,164.27,0.641,0,0.0,8.516,8.46,66.253,54.586,58.918,55.754,49.672,0.661,14760,39,2017-12-01 06:00:00,3,100,2,130,0
19.563,1.489,2380.0,0.003,9.178,163.95,1.023,0,0.0,8.524,8.462,10.23,54.426,58.531,55.754,49.719,0.741,14820,39,2017-12-01 07:00:00,3,100,2,130,0
19.426,1.49,2841.6,0.0,9.173,189.63,0.469,0,0.0,8.52,8.454,66.979,54.645,58.914,55.855,49.832,0.701,14880,39,2017-12-01 08:00:00,3,100,2,130,0
19.185,1.473,2375.2,0.007,9.192,163.7,1.289,0,0.0,8.547,8.484,66.172,54.664,58.93,55.887,49.918,0.668,14940,39,2017-12-01 09:00:00,3,100,2,130,0
19.718,1.517,2387.6,0.001,9.164,164.65,0.789,0,0.0,8.527,8.474,66.13,54.652,59.02,55.898,49.738,0.666,15000,39,2017-12-01 10:00:00,3,100,2,130,0
19.743,1.525,2382.4,0.003,9.16,163.91,0.523,0,0.0,8.521,8.461,67.271,54.645,59.039,55.859,49.75,0.66,15060,39,2017-12-01 11:00:00,3,100,1,130,1
19.689,1.511,2366.6,0.006,9.165,164.09,0.703,0,0.0,8.524,8.462,67.568,54.59,59.039,55.922,49.812,0.682,15120,39,2017-12-01 12:00:00,3,73,1,130,0
19.793,1.535,2378.2,0.005,9.182,164.66,0.719,0,0.0,8.531,8.469,67.826,54.656,59.105,55.859,49.707,0.67,15180,39,2017-12-01 13:00:00,3,73,1,130,0
19.421,1.495,2374.2,0.0,9.158,164.98,0.922,0,0.0,8.493,8.439,67.879,54.652,59.09,55.848,49.816,0.654,15240,39,2017-12-01 14:00:00,3,73,1,130,0
19.741,1.52,2375.2,0.008,9.2,164.6,0.766,0,0.0,8.524,8.47,67.527,54.645,59.062,55.855,49.754,0.665,15300,39,2017-12-01 15:00:00,3,73,1,130,0
19.773,1.521,2378.6,0.005,9.176,164.7,0.609,0,0.0,8.52,8.467,67.906,54.645,59.105,55.883,49.746,0.663,15360,39,2017-12-01 16:00:00,3,73,1,130,0
19.375,1.487,2376.4,0.003,9.178,164.67,0.937,0,0.0,8.528,8.481,67.581,54.652,59.121,55.926,49.832,0.669,15420,39,2017-12-01 17:00:00,3,73,1,130,0
19.551,1.511,2377.2,0.003,9.19,164.81,0.641,0,0.0,8.554,8.51,67.754,54.664,59.117,55.855,49.754,0.665,15480,39,2017-12-01 18:00:00,3,73,1,130,0
19.635,1.514,2380.6,0.003,9.16,164.79,1.203,0,0.0,8.506,8.451,67.897,54.668,59.113,55.828,49.738,0.657,15540,39,2017-12-01 19:00:00,3,73,1,130,0
19.862,1.53,2372.4,0.005,9.165,164.68,0.562,0,0.0,8.505,8.45,67.688,54.668,59.113,55.91,49.766,0.649,15600,39,2017-12-01 20:00:00,3,73,1,130,0
19.741,1.512,2372.2,0.003,9.176,164.73,1.289,0,0.0,8.528,8.477,68.034,54.664,59.047,55.883,49.738,0.668,15660,39,2017-12-01 21:00:00,3,73,1,130,0
19.587,1.504,2378.8,0.008,9.176,164.77,0.625,0,0.0,8.531,8.465,68.151,54.664,59.066,55.836,49.746,0.668,15720,39,2017-12-01 22:00:00,3,80,1,130,0
19.786,1.518,2374.0,0.0,9.173,164.66,1.227,0,0.0,8.494,8.435,67.871,54.664,59.078,55.828,49.699,0.676,15780,39,2017-12-01 23:00:00,3,80,1,130,0
19.761,1.512,2372.4,0.003,9.177,164.73,1.109,0,0.0,8.551,8.494,67.832,54.656,59.047,55.871,49.75,0.677,15840,39,2017-12-02 00:00:00,3,80,1,130,0
19.663,1.506,2373.6,0.0,9.167,164.94,0.734,0,0.0,8.491,8.434,67.75,54.668,59.062,55.82,49.734,0.668,15900,39,2017-12-02 01:00:00,3,80,1,130,0
19.65,1.515,2370.6,0.001,9.196,164.58,1.148,0,0.0,8.552,8.493,68.048,54.652,59.051,55.836,49.75,0.668,15960,39,2017-12-02 02:00:00,3,80,1,130,0
19.345,1.481,2375.2,0.004,9.154,164.84,0.867,0,0.0,8.498,8.436,67.826,54.652,59.039,55.738,49.734,0.682,16020,39,2017-12-02 03:00:00,3,80,1,130,0
19.642,1.512,2366.2,0.004,9.182,164.69,0.625,0,0.0,8.537,8.469,67.515,54.652,59.039,55.844,49.734,0.682,16080,39,2017-12-02 04:00:00,3,80,1,130,0
19.713,1.513,2359.0,0.003,9.183,164.68,1.156,0,0.0,8.549,8.495,67.637,54.672,59.027,55.898,49.754,0.658,16140,39,2017-12-02 05:00:00,3,80,1,130,0
19.561,1.511,2335.2,0.005,9.183,164.79,1.305,0,0.0,8.539,8.474,67.773,54.672,59.066,55.836,49.75,0.657,16200,39,2017-12-02 06:00:00,3,80,1,130,0
19.647,1.513,2321.4,0.0,9.227,164.91,1.352,0,0.0,8.502,8.437,68.05,54.586,59.047,55.844,49.762,0.65,16260,39,2017-12-02 07:00:00,3,80,1,130,0
19.589,1.502,2307.4,0.001,9.201,164.87,1.172,0,0.0,8.538,8.477,67.861,54.664,59.047,55.809,49.762,0.67,16320,39,2017-12-02 08:00:00,3,90,1,130,0
19.817,1.521,2299.4,0.003,9.204,164.77,1.391,0,0.0,8.523,8.469,67.615,54.652,59.078,55.828,49.695,0.674,16380,39,2017-12-02 09:00:00,3,90,1,130,0
19.728,1.51,2332.2,0.004,9.181,164.73,0.664,0,0.0,8.501,8.445,67.789,54.652,59.09,55.828,49.699,0.664,16440,39,2017-12-02 10:00:00,3,90,1,130,0
19.69,1.504,2372.0,0.003,9.193,164.68,0.687,0,0.0,8.542,8.496,67.918,54.578,59.066,55.816,49.738,0.659,16500,39,2017-12-02 11:00:00,3,90,1,130,0
19.663,1.51,2378.6,0.003,9.197,164.89,1.391,0,0.0,8.533,8.474,67.744,54.652,59.039,55.844,49.746,0.662,16560,39,2017-12-02 12:00:00,3,90,1,130,0
19.645,1.507,2375.4,0.0,9.156,164.94,0.578,0,0.0,8.493,8.431,67.514,54.652,59.078,55.836,49.75,0.655,16620,39,2017-12-02 13:00:00,3,90,1,130,0
19.723,1.514,2369.2,0.004,9.193,164.69,1.328,0,0.0,8.498,8.442,67.794,54.656,59.105,55.844,49.75,0.659,16680,39,2017-12-02 14:00:00,3,90,1,130,0
19.739,1.508,2364.6,0.0,9.163,164.79,0.687,0,0.0,8.557,8.499,67.855,54.645,59.117,55.836,49.754,0.669,16740,39,2017-12-02 15:00:00,3,90,1,130,0
19.65,1.505,2364.6,0.003,9.176,164.92,1.305,0,0.0,8.5,8.433,67.774,54.652,59.102,55.828,49.773,0.659,16800,39,2017-12-02 16:00:00,3,90,1,130,0
19.777,1.525,2357.0,0.0,9.156,164.77,0.797,0,0.0,8.524,8.472,67.561,54.652,59.113,55.863,49.762,0.664,16860,39,2017-12-02 17:00:00,3,90,1,130,0
19.736,1.513,2365.0,0.007,9.203,164.91,0.641,0,0.0,8.51,8.452,67.541,54.645,59.129,55.82,49.711,0.659,16920,39,2017-12-02 18:00:00,3,100,1,130,0
19.463,1.486,2371.0,0.0,9.198,164.77,1.273,0,0.0,8.526,8.476,67.598,54.656,59.129,55.832,49.84,0.657,16980,39,2017-12-02 19:00:00,3,100,1,130,0
19.724,1.504,2377.8,0.009,9.201,164.89,0.781,0,0.0,8.486,8.425,67.669,54.664,59.121,55.848,49.766,0.662,17040,39,2017-12-02 20:00:00,3,100,1,130,0
19.45,1.487,2379.4,0.006,9.167,164.94,0.758,0,0.0,8.509,8.45,67.411,54.664,59.113,55.828,49.84,0.654,17100,39,2017-12-02 21:00:00,3,100,1,130,0
19.726,1.506,2348.6,0.006,9.187,164.69,1.047,0,0.0,8.545,8.483,67.811,54.656,59.141,55.832,49.75,0.649,17160,39,2017-12-02 22:00:00,3,100,1,130,0
19.752,1.503,2316.4,0.0,9.161,164.94,1.367,0,0.0,8.507,8.451,67.727,54.656,59.141,55.828,49.746,0.667,17220,39,2017-12-02 23:00:00,3,100,1,130,0
19.716,1.504,2297.4,0.001,9.21,164.9,0.953,0,0.0,8.523,8.464,67.708,54.664,59.133,55.832,49.754,0.672,17280,39,2017-12-03 00:00:00,3,100,1,130,0
19.958,1.521,2301.4,0.004,9.212,164.94,1.18,0,0.0,8.534,8.47,67.672,54.656,59.129,55.848,49.695,0.658,17340,39,2017-12-03 01:00:00,3,100,1,130,0
19.621,1.485,2307.4,0.001,9.156,164.78,0.656,0,0.0,8.497,8.442,67.803,54.652,59.133,55.883,49.844,0.742,17400,39,2017-12-03 02:00:00,3,100,1,130,0
20.522,1.572,2311.4,0.003,9.182,164.84,0.477,0,0.0,8.537,8.479,67.637,54.645,59.117,55.859,49.527,0.656,17460,39,2017-12-03 03:00:00,3,100,1,130,0
19.238,1.466,2327.4,0.001,9.173,165.11,0.586,0,0.0,8.512,8.461,70.609,54.656,59.145,55.844,49.926,0.65,17520,39,2017-12-03 04:00:00,3,100,0,130,1
19.575,1.489,2327.2,0.0,9.176,166.0,0.781,0,0.0,8.521,8.464,70.366,54.645,59.148,55.863,49.832,0.659,17580,39,2017-12-03 05:00:00,3,73,0,130,0
19.92,1.52,2330.8,0.001,9.174,165.81,1.289,0,1.147,8.531,8.465,70.601,54.824,59.238,55.895,49.75,0.661,17640,39,2017-12-03 06:00:00,3,73,0,130,0
19.704,1.512,2356.4,0.0,9.163,165.75,0.836,0,0.0,8.486,8.433,70.34,54.828,59.27,55.91,49.824,0.664,17700,39,2017-12-03 07:00:00,3,73,0,130,0
19.484,1.481,2361.8,0.003,9.17,165.86,0.82,0,0.0,8.497,8.437,71.234,54.91,59.324,55.914,49.895,0.654,17760,39,2017-12-03 08:00:00,3,73,0,130,0
19.911,1.529,2366.4,0.0,9.161,165.81,0.633,0,0.0,8.521,8.467,70.585,54.91,59.375,56.07,49.922,0.648,17820,39,2017-12-03 09:00:00,3,73,0,130,0
19.944,1.53,2364.6,0.0,9.185,165.68,0.641,0,0.0,8.51,8.462,70.759,54.91,59.387,56.09,49.895,0.668,17880,39,2017-12-03 10:00:00,3,73,0,130,0
20.066,1.529,2350.4,0.001,9.17,165.68,1.031,0,0.0,8.524,8.469,71.003,54.992,59.391,56.117,49.906,0.656,17940,39,2017-12-03 11:00:00,3,73,0,130,0
19.813,1.511,2285.4,0.005,9.161,165.91,0.914,0,0.0,8.517,8.47,70.604,54.984,59.461,56.098,49.996,0.648,18000,39,2017-12-03 12:00:00,3,73,0,130,0
20.087,1.543,2309.4,0.003,9.156,165.96,1.273,0,0.0,8.509,8.462,70.622,55.0,59.469,56.16,49.918,0.656,18060,39,2017-12-03 13:00:00,3,73,0,130,0
19.851,1.519,2326.8,0.001,9.127,165.86,1.289,0,0.0,8.468,8.41,70.793,55.07,59.539,56.129,50.004,0.642,18120,39,2017-12-03 14:00:00,3,73,0,130,0
19.88,1.526,2345.6,0.003,9.149,165.78,0.609,0,0.0,8.51,8.46,70.285,55.066,59.527,56.266,50.082,0.642,18180,39,2017-12-03 15:00:00,3,80,0,130,0
19.678,1.511,2361.2,0.005,9.158,165.84,0.609,0,0.0,8.469,8.406,70.374,55.059,59.566,56.262,50.117,0.637,18240,39,2017-12-03 16:00:00,3,80,0,130,0
19.66,1.514,2366.4,0.003,9.182,165.87,0.531,0,0.0,8.514,8.453,70.876,55.156,59.578,56.246,50.121,0.64,18300,39,2017-12-03 17:00:00,3,80,0,130,0
19.813,1.524,2366.2,0.001,9.167,165.87,0.625,0,0.0,8.524,8.459,71.03,55.145,59.625,56.25,50.078,0.65,18360,39,2017-12-03 18:00:00,3,80,0,130,0
19.8,1.518,2362.4,0.003,9.126,165.66,1.352,0,0.0,8.467,8.417,70.944,55.094,59.637,56.344,50.16,0.656,18420,39,2017-12-03 19:00:00,3,80,0,130,0
19.943,1.531,2361.6,0.009,9.127,165.76,1.227,0,0.0,8.481,8.434,70.425,55.242,59.633,56.344,50.117,0.647,18480,39,2017-12-03 20:00:00,3,80,0,130,0
19.8,1.518,2352.6,0.004,9.126,165.67,0.977,0,0.0,8.507,8.446,71.23,55.148,59.66,56.344,50.16,0.652,18540,39,2017-12-03 21:00:00,3,80,0,130,0
20.01,1.525,2347.0,0.005,9.111,165.98,0.555,0,0.0,8.458,8.406,70.791,55.238,59.648,56.34,50.121,0.654,18600,39,2017-12-03 22:00:00,3,80,0,130,0
20.055,1.531,2354.2,0.001,9.127,166.02,0.766,0,0.0,8.487,8.423,70.382,55.258,59.648,56.332,50.121,0.656,18660,39,2017-12-03 23:00:00,3,80,0,130,0
19.599,1.499,2364.0,0.005,9.131,165.81,0.609,0,0.0,8.501,8.441,70.56,55.316,59.715,56.328,50.234,0.665,18720,39,2017-12-04 00:00:00,3,80,0,130,0
19.637,1.5,2368.2,0.0,9.163,165.6,0.656,0,0.0,8.462,8.403,71.057,55.309,59.719,56.348,50.254,0.648,18780,39,2017-12-04 01:00:00,3,90,0,130,0
20.065,1.536,2347.4,0.001,9.124,165.73,0.969,0,0.0,8.457,8.402,70.914,55.309,59.719,56.426,50.172,0.654,18840,39,2017-12-04 02:00:00,3,90,0,130,0
20.238,1.554,2301.4,0.0,9.132,165.88,0.687,0,0.0,8.504,8.445,70.644,55.332,59.746,56.41,50.109,0.649,18900,39,2017-12-04 03:00:00,3,90,0,130,0
20.077,1.543,2279.4,0.003,9.152,166.09,0.656,0,0.0,8.465,8.42,70.986,55.344,59.758,56.508,50.223,0.632,18960,39,2017-12-04 04:00:00,3,90,0,130,0
20.082,1.549,2285.4,0.003,9.141,165.98,0.641,0,0.0,8.497,8.436,70.693,55.316,59.758,56.504,50.25,0.633,19020,39,2017-12-04 05:00:00,3,90,0,130,0
20.206,1.558,2326.4,0.003,9.163,165.94,1.234,0,0.0,8.498,8.443,70.602,55.293,59.73,56.414,50.09,0.631,19080,39,2017-12-04 06:00:00,3,90,0,130,0
20.425,1.587,2285.4,0.001,9.116,165.83,0.547,0,0.0,8.442,8.382,70.932,55.305,59.773,56.426,50.0,0.637,19140,39,2017-12-04 07:00:00,3,90,0,130,0
20.328,1.587,2285.4,0.003,9.124,165.86,0.625,0,0.0,8.448,8.399,70.615,55.254,59.746,56.426,49.996,0.652,19200,39,2017-12-04 08:00:00,3,90,0,130,0
18.819,1.487,2306.4,0.001,9.132,166.02,1.195,0,0.0,8.455,8.396,71.1,55.242,59.766,56.52,50.477,0.631,19260,39,2017-12-04 09:00:00,3,90,0,130,0
20.257,1.591,2303.4,0.003,9.119,165.92,0.664,0,0.0,8.474,8.417,71.026,55.25,59.742,56.355,49.906,0.645,19320,39,2017-12-04 10:00:00,3,90,0,130,0
19.6,1.542,2345.4,0.0,9.112,166.02,0.609,0,0.0,8.458,8.415,70.736,55.078,59.687,56.34,50.098,0.647,19380,39,2017-12-04 11:00:00,3,100,0,130,0
20.204,1.582,2371.2,0.001,9.137,166.0,0.602,0,0.0,8.484,8.436,71.243,55.066,59.664,56.344,49.906,0.64,19440,39,2017-12-04 12:00:00,3,100,0,130,0
20.202,1.584,2372.0,0.001,9.134,166.03,0.633,0,0.0,8.5,8.443,70.49,55.066,59.664,56.266,49.84,0.649,19500,39,2017-12-04 13:00:00,3,100,0,130,0
20.057,1.584,2364.0,0.005,9.134,166.2,0.711,0,0.0,8.483,8.439,70.563,55.066,59.664,56.332,49.918,0.64,19560,39,2017-12-04 14:00:00,3,100,0,130,0
20.541,1.611,2361.2,0.001,9.158,166.13,1.023,0,0.0,8.523,8.465,70.706,55.07,59.652,56.254,49.711,0.64,19620,39,2017-12-04 15:00:00,3,100,0,130,0
20.486,1.609,2358.4,0.001,9.184,166.08,0.68,0,0.0,8.528,8.469,70.876,54.988,59.566,56.25,49.695,0.637,19680,39,2017-12-04 16:00:00,3,100,0,130,0
19.674,1.535,2353.0,0.003,9.169,165.84,1.25,0,0.0,8.531,8.469,70.285,54.977,59.566,56.16,49.918,0.664,19740,39,2017-12-04 17:00:00,3,100,0,130,0
20.038,1.573,2340.4,0.0,9.144,165.97,0.82,0,0.0,8.516,8.453,70.487,54.984,59.562,56.125,49.754,0.64,19800,39,2017-12-04 18:00:00,3,100,0,130,0
20.316,1.59,2344.4,0.003,9.143,166.05,1.031,0,0.0,8.468,8.417,70.343,54.891,59.539,56.105,49.684,0.628,19860,39,2017-12-04 19:00:00,3,100,0,130,0
20.208,1.585,2325.4,0.003,9.139,166.1,0.578,0,0.0,8.5,8.43,70.451,54.871,59.484,56.168,49.707,0.647,19920,39,2017-12-04 20:00:00,3,100,0,130,0
19.856,1.557,2313.4,0.0,9.167,165.84,0.656,0,0.0,8.526,8.469,70.751,54.824,59.387,56.129,49.832,0.64,19980,39,2017-12-04 21:00:00,3,100,0,115,1
20.515,1.607,2283.6,0.001,9.179,163.24,0.453,0,0.0,8.543,8.484,70.688,54.824,59.391,56.008,49.535,0.642,20040,39,2017-12-04 22:00:00,3,100,0,115,1
19.901,1.559,2322.6,0.004,9.163,163.18,0.477,0,0.0,8.521,8.462,70.89,54.828,59.391,55.902,49.613,0.635,20100,39,2017-12-04 23:00:00,3,100,0,115,1
19.961,1.556,2340.2,0.001,9.163,163.18,1.227,0,0.0,8.516,8.452,70.668,54.746,59.305,56.004,49.699,0.638,20160,39,2017-12-05 00:00:00,3,100,0,115,1
20.351,1.58,2337.0,0.007,9.163,163.19,0.953,0,0.0,8.512,8.465,70.613,54.668,59.25,55.91,49.512,0.624,20220,39,2017-12-05 01:00:00,3,100,0,115,1
19.509,1.527,2326.0,0.0,9.158,163.09,0.547,0,0.0,8.491,8.435,70.733,54.645,59.215,55.848,49.711,0.65,20280,39,2017-12-05 02:00:00,3,100,0,115,1
19.989,1.56,2320.2,0.0,9.163,163.27,0.641,0,0.0,8.51,8.448,70.395,54.645,59.227,55.922,49.613,0.641,20340,39,2017-12-05 03:00:00,3,100,0,115,1
20.232,1.581,2307.6,0.001,9.173,163.14,0.523,0,0.0,8.527,8.459,70.882,54.656,59.203,55.863,49.512,0.633,20400,39,2017-12-05 04:00:00,3,100,0,115,1
19.882,1.545,2301.2,0.003,9.169,163.19,1.148,0,0.0,8.526,8.47,70.415,54.641,59.199,55.855,49.605,0.635,20460,39,2017-12-05 05:00:00,3,100,0,115,1
20.215,1.58,2314.6,0.001,9.194,163.26,0.578,0,0.0,8.538,8.482,70.66,54.652,59.148,55.809,49.449,0.639,20520,39,2017-12-05 06:00:00,3,100,0,115,1
19.792,1.54,2329.0,0.005,9.169,163.15,0.508,0,0.0,8.495,8.443,10.089,54.418,58.562,55.82,49.605,0.822,20580,39,2017-12-05 07:00:00,3,100,2,115,1
20.273,1.58,2353.8,0.004,9.187,161.61,0.453,0,0.0,8.542,8.476,66.163,54.574,58.887,55.687,49.363,0.673,20640,39,2017-12-05 08:00:00,3,73,2,115,0
19.627,1.523,2356.2,0.001,9.196,161.2,1.172,0,0.0,8.509,8.451,10.11,54.254,58.312,55.734,49.594,0.818,20700,39,2017-12-05 09:00:00,3,73,2,115,0
20.242,1.58,2353.8,0.001,9.204,161.51,0.656,0,2.584,8.557,8.505,10.152,54.418,58.086,55.82,49.441,0.814,20760,39,2017-12-05 10:00:00,3,73,2,115,0
19.783,1.535,2344.6,0.008,9.173,161.9,0.406,0,2.908,8.514,8.461,10.21,54.398,57.988,55.738,49.527,0.804,20820,39,2017-12-05 11:00:00,3,73,2,115,0
20.151,1.58,2337.6,0.0,9.179,161.62,0.875,0,8.143,8.549,8.482,10.179,54.414,57.965,55.91,49.516,0.852,20880,39,2017-12-05 12:00:00,3,73,2,115,0
19.344,1.52,2323.6,0.004,9.189,161.5,0.477,0,8.363,8.51,8.44,10.28,54.453,57.973,55.996,49.832,0.828,20940,39,2017-12-05 13:00:00,3,73,2,115,0
19.484,1.531,2321.6,0.009,9.204,161.53,1.047,0,8.712,8.531,8.479,65.96,54.816,58.789,55.992,49.832,0.67,21000,39,2017-12-05 14:00:00,3,73,2,115,0
19.811,1.556,2343.0,0.004,9.164,161.16,0.82,0,0.0,8.545,8.486,10.218,54.484,58.301,56.145,49.852,0.798,21060,39,2017-12-05 15:00:00,3,73,2,115,0
19.553,1.529,2347.6,0.006,9.19,161.34,0.484,0,6.207,8.519,8.465,10.277,54.641,58.141,56.117,49.922,0.813,21120,39,2017-12-05 16:00:00,3,73,2,115,0
19.808,1.543,2343.0,0.003,9.177,161.47,0.484,0,8.695,8.486,8.432,10.321,54.633,58.07,56.16,49.926,0.857,21180,39,2017-12-05 17:00:00,3,73,2,115,0
20.208,1.582,2346.6,0.0,9.137,161.08,0.969,0,1.708,8.483,8.42,10.507,54.797,58.125,56.328,49.922,0.817,21240,39,2017-12-05 18:00:00,3,80,2,115,0
19.739,1.554,2349.6,0.003,9.167,161.06,1.133,0,4.539,8.464,8.408,10.409,54.898,58.137,56.41,50.133,0.858,21300,39,2017-12-05 19:00:00,3,80,2,115,0
19.902,1.556,2350.2,0.003,9.19,161.36,0.5,0,0.09,8.495,8.443,10.384,54.977,58.23,56.543,50.172,0.834,21360,39,2017-12-05 20:00:00,3,80,2,115,0
20.122,1.579,2345.6,0.005,9.158,160.99,0.422,0,0.145,8.525,8.458,10.557,55.059,58.312,56.586,50.172,0.831,21420,39,2017-12-05 21:00:00,3,80,2,115,0
19.969,1.565,2330.2,0.004,9.105,161.13,0.406,0,0.821,8.495,8.436,10.43,55.227,58.305,56.75,50.395,0.816,21480,39,2017-12-05 22:00:00,3,80,2,115,0
20.253,1.58,2311.0,0.001,9.094,160.88,0.555,0,0.0,8.48,8.427,10.454,55.285,58.375,56.832,50.359,0.81,21540,39,2017-12-05 23:00:00,3,80,2,115,0
20.188,1.582,2311.4,0.003,9.097,160.99,1.031,0,0.0,8.502,8.439,10.439,55.332,58.504,56.969,50.512,0.789,21600,39,2017-12-06 00:00:00,3,80,2,115,0
20.01,1.567,2307.4,0.0,9.063,160.93,1.102,0,0.0,8.504,8.455,10.604,55.492,58.543,56.996,50.605,0.798,21660,39,2017-12-06 01:00:00,3,80,2,115,0
20.108,1.564,2301.4,0.008,9.098,160.62,1.047,0,0.0,8.528,8.474,10.492,55.492,58.551,57.09,50.676,0.821,21720,39,2017-12-06 02:00:00,3,80,2,115,0
20.356,1.59,2291.4,0.004,9.059,160.54,0.703,0,0.0,8.467,8.415,10.62,55.664,58.645,57.082,50.598,0.809,21780,39,2017-12-06 03:00:00,3,80,2,115,0
20.654,1.603,2291.4,0.001,9.051,160.46,0.937,0,0.0,8.468,8.422,10.738,55.746,58.734,57.18,50.684,0.836,21840,39,2017-12-06 04:00:00,3,90,2,115,0
20.0,1.562,2289.4,0.003,9.049,160.29,0.477,0,0.0,8.479,8.425,10.463,55.906,59.133,57.164,50.77,0.752,21900,39,2017-12-06 05:00:00,3,90,2,115,0
20.041,1.564,2285.4,0.0,9.057,160.29,0.602,0,0.0,8.469,8.418,10.739,55.988,59.055,57.352,50.926,0.816,21960,39,2017-12-06 06:00:00,3,90,2,115,0
20.148,1.569,2285.4,0.001,9.043,160.48,0.937,0,0.0,8.464,8.415,10.579,55.988,59.039,57.383,50.922,0.792,22020,39,2017-12-06 07:00:00,3,90,2,115,0
20.035,1.562,2289.4,0.0,9.033,160.16,0.531,0,0.0,8.449,8.396,10.883,55.996,59.117,57.516,51.02,0.796,22080,39,2017-12-06 08:00:00,3,90,2,115,0
20.767,1.62,2293.4,0.0,9.029,160.37,0.844,0,0.0,8.453,8.394,10.662,56.07,59.148,57.609,50.914,0.804,22140,39,2017-12-06 09:00:00,3,90,2,115,0
20.548,1.608,2289.4,0.006,9.047,160.39,1.055,0,0.0,8.464,8.422,10.655,56.168,59.141,57.586,51.004,0.816,22200,39,2017-12-06 10:00:00,3,90,2,115,0
20.587,1.617,2838.0,0.001,9.035,189.37,0.391,0,0.0,8.488,8.437,10.669,56.168,59.074,57.852,51.141,0.818,22260,39,2017-12-06 11:00:00,3,90,2,115,0
20.488,1.607,2287.6,0.005,9.045,160.37,0.469,0,0.0,8.481,8.433,10.61,56.168,59.141,57.844,51.227,0.802,22320,39,2017-12-06 12:00:00,3,90,2,115,0
20.334,1.602,2289.4,0.0,9.016,160.22,0.992,0,0.0,8.429,8.385,10.635,56.336,59.227,57.812,51.242,0.823,22380,39,2017-12-06 13:00:00,3,90,2,115,0
20.748,1.63,2289.6,0.005,8.991,160.11,0.953,0,0.0,8.463,8.415,10.597,56.402,59.352,57.949,51.23,0.804,22440,39,2017-12-06 14:00:00,3,100,2,115,0
20.516,1.61,2289.4,0.001,8.971,160.13,0.891,0,0.0,8.476,8.429,10.634,56.437,59.387,57.945,51.336,0.798,22500,39,2017-12-06 15:00:00,3,100,2,115,0
20.501,1.607,2287.4,0.003,8.979,160.27,1.023,0,0.0,8.417,8.373,10.66,56.504,59.43,58.027,51.398,0.807,22560,39,2017-12-06 16:00:00,3,100,2,115,0
19.486,1.531,2287.4,0.004,8.998,160.21,0.898,0,0.0,8.448,8.406,10.64,56.582,59.496,58.031,51.723,0.811,22620,39,2017-12-06 17:00:00,3,100,2,115,0
19.39,1.526,2289.4,0.003,8.994,160.22,0.477,0,0.0,8.472,8.425,10.654,56.586,59.562,58.195,51.895,0.818,22680,39,2017-12-06 18:00:00,3,100,2,115,0
18.656,1.465,2289.4,0.003,9.009,160.08,0.953,0,0.0,8.444,8.405,10.671,56.621,59.605,58.102,52.062,0.795,22740,39,2017-12-06 19:00:00,3,100,2,115,0
20.442,1.608,2285.6,0.003,8.973,160.1,0.625,0,0.0,8.41,8.373,10.979,56.676,59.957,58.109,51.496,0.742,22800,39,2017-12-06 20:00:00,3,100,2,115,0
18.803,1.479,2281.4,0.0,9.005,159.96,0.352,0,0.0,8.445,8.401,10.612,56.691,59.809,58.195,52.066,0.793,22860,39,2017-12-06 21:00:00,3,100,2,115,0
19.21,1.514,2287.6,0.0,9.007,159.97,0.453,0,0.0,8.463,8.417,10.664,56.758,59.773,58.246,51.996,0.81,22920,39,2017-12-06 22:00:00,3,100,2,115,0
18.329,1.439,2283.4,0.003,8.984,160.15,0.391,0,0.0,8.412,8.363,66.04,57.027,60.629,58.113,52.16,0.646,22980,39,2017-12-06 23:00:00,3,100,2,115,0
19.314,1.533,2277.6,0.0,9.009,159.97,1.078,0,0.0,8.468,8.418,11.105,56.77,60.059,58.23,51.922,0.8,23040,39,2017-12-07 00:00:00,3,100,1,115,1
18.318,1.445,2278.6,0.006,8.991,160.52,1.031,0,0.0,8.402,8.361,10.978,56.836,59.961,58.035,52.102,0.775,23100,39,2017-12-07 01:00:00,3,73,1,115,0
18.913,1.484,2309.0,0.003,9.002,160.74,0.937,0,0.0,8.474,8.413,10.709,56.867,59.883,58.207,52.078,0.784,23160,39,2017-12-07 02:00:00,3,73,1,115,0
18.614,1.468,2320.8,0.004,8.976,160.53,0.937,0,0.0,8.424,8.377,67.302,57.102,60.777,58.223,52.152,0.65,23220,39,2017-12-07 03:00:00,3,73,1,115,0
20.077,1.578,2323.0,0.001,9.0,160.63,1.148,0,0.0,8.467,8.417,11.168,56.789,60.18,58.203,51.68,0.773,23280,39,2017-12-07 04:00:00,3,73,1,115,0
18.85,1.485,2823.4,0.0,8.961,189.56,0.273,0,0.0,8.412,8.369,67.996,57.078,60.816,58.301,52.129,0.661,23340,39,2017-12-07 05:00:00,3,73,1,115,0
19.727,1.552,2319.4,0.001,8.991,161.13,1.047,0,0.0,8.45,8.405,10.676,56.773,60.207,58.242,51.824,0.779,23400,39,2017-12-07 06:00:00,3,73,1,115,0
18.711,1.477,2300.6,0.001,8.953,160.58,0.422,0,0.352,8.398,8.349,10.648,56.809,60.066,58.207,52.16,0.78,23460,39,2017-12-07 07:00:00,3,73,1,115,0
18.643,1.475,2297.0,0.003,8.994,160.42,0.5,0,0.22,8.448,8.398,10.911,56.84,59.977,58.211,52.141,0.78,23520,39,2017-12-07 08:00:00,3,73,1,115,0
18.381,1.448,2295.0,0.001,9.014,160.65,0.422,0,0.0,8.451,8.406,67.57,57.102,60.852,58.035,52.145,0.632,23580,39,2017-12-07 09:00:00,3,73,1,115,0
18.744,1.474,2291.8,0.001,8.956,160.62,1.094,0,0.0,8.442,8.396,10.833,56.824,60.297,58.203,52.102,0.789,23640,39,2017-12-07 10:00:00,3,73,1,115,0
18.847,1.485,2281.4,0.001,9.009,160.59,0.969,0,0.0,8.446,8.401,10.79,56.84,60.098,58.219,52.094,0.775,23700,39,2017-12-07 11:00:00,3,80,1,115,0
18.774,1.485,2814.0,0.001,8.967,189.52,0.367,0,0.0,8.413,8.379,67.903,57.102,60.906,58.371,52.23,0.668,23760,39,2017-12-07 12:00:00,3,80,1,115,0
18.605,1.458,2259.6,0.0,8.962,161.09,1.148,0,2.078,8.41,8.366,67.946,56.863,60.953,58.234,52.219,0.603,23820,39,2017-12-07 13:00:00,3,80,1,115,0
18.41,1.439,2318.8,0.0,8.988,161.04,1.055,0,0.0,8.451,8.407,10.716,56.687,60.328,58.207,52.145,0.776,23880,39,2017-12-07 14:00:00,3,80,1,115,0
18.741,1.461,2326.2,0.003,9.019,160.96,0.945,0,0.0,8.435,8.391,10.735,56.84,60.152,58.207,52.117,0.77,23940,39,2017-12-07 15:00:00,3,80,1,115,0
18.344,1.435,2323.8,0.005,8.978,160.73,0.43,0,0.0,8.423,8.368,10.801,56.824,60.039,58.043,52.113,0.792,24000,39,2017-12-07 16:00:00,3,80,1,115,0
18.602,1.47,2316.2,0.001,8.964,160.32,0.664,0,0.0,8.42,8.374,10.878,56.824,59.984,58.211,52.156,0.792,24060,39,2017-12-07 17:00:00,3,80,1,115,0
18.612,1.461,2318.8,0.0,8.988,160.43,0.922,0,1.859,8.447,8.395,10.832,56.84,59.922,58.203,52.152,0.774,24120,39,2017-12-07 18:00:00,3,80,1,115,0
18.821,1.481,2318.8,0.006,9.002,160.51,0.344,0,0.674,8.455,8.41,67.402,57.094,60.844,58.297,52.152,0.634,24180,39,2017-12-07 19:00:00,3,80,1,115,0
18.586,1.467,2323.2,0.001,8.973,160.54,1.281,0,0.0,8.432,8.376,10.746,56.855,60.262,58.316,52.238,0.76,24240,39,2017-12-07 20:00:00,3,80,1,115,0
18.614,1.462,2321.6,0.004,8.967,160.37,0.406,0,0.0,8.413,8.369,10.825,56.855,60.125,58.203,52.156,0.765,24300,39,2017-12-07 21:00:00,3,90,1,115,0
18.828,1.47,2317.8,0.0,8.979,160.65,0.422,0,0.0,8.46,8.417,10.837,56.863,60.086,58.242,52.156,0.788,24360,39,2017-12-07 22:00:00,3,90,1,115,0
18.719,1.457,2315.6,0.008,8.989,160.22,0.531,0,0.832,8.437,8.39,10.793,56.867,60.016,58.195,52.172,0.783,24420,39,2017-12-07 23:00:00,3,90,1,115,0
18.656,1.464,2315.6,0.003,8.936,160.24,1.016,0,0.0,8.41,8.373,10.765,56.848,60.004,58.297,52.223,0.765,24480,39,2017-12-08 00:00:00,3,90,1,115,0
18.738,1.471,2319.4,0.001,8.979,160.31,1.031,0,0.0,8.465,8.423,10.788,56.945,60.066,58.379,52.25,0.786,24540,39,2017-12-08 01:00:00,3,90,1,115,0
18.543,1.459,2312.2,0.0,8.966,160.27,0.406,0,0.0,8.406,8.373,10.821,57.051,60.051,58.379,52.316,0.777,24600,39,2017-12-08 02:00:00,3,90,1,115,0
18.806,1.477,2314.2,0.003,8.972,160.43,0.719,0,0.0,8.427,8.383,10.878,57.035,60.078,58.449,52.328,0.768,24660,39,2017-12-08 03:00:00,3,90,1,115,0
18.646,1.457,2310.4,0.003,8.971,160.48,0.406,0,0.0,8.441,8.385,10.801,57.027,60.078,58.379,52.305,0.779,24720,39,2017-12-08 04:00:00,3,90,1,115,0
18.842,1.484,2309.8,0.004,8.974,160.24,0.406,0,0.0,8.402,8.363,67.44,57.273,60.988,58.449,52.316,0.631,24780,39,2017-12-08 05:00:00,3,90,1,115,0
18.565,1.471,2318.8,0.0,8.955,160.48,0.641,0,0.0,8.401,8.363,10.913,56.941,60.406,58.449,52.324,0.78,24840,39,2017-12-08 06:00:00,3,90,1,115,0
18.75,1.479,2317.6,0.007,8.975,160.31,0.484,0,0.0,8.443,8.394,10.841,57.086,60.324,58.445,52.316,0.766,24900,39,2017-12-08 07:00:00,3,100,1,115,0
18.842,1.481,2319.6,0.003,8.954,160.26,0.82,0,0.0,8.431,8.38,10.906,57.121,60.273,58.449,52.316,0.789,24960,39,2017-12-08 08:00:00,3,100,1,115,0
18.543,1.459,2319.8,0.0,8.944,160.4,0.891,0,0.0,8.402,8.366,67.342,57.383,61.098,58.371,52.324,0.63,25020,39,2017-12-08 09:00:00,3,100,1,115,0
19.022,1.499,2315.8,0.001,8.956,160.34,0.937,0,0.0,8.465,8.428,10.823,57.023,60.492,58.531,52.332,0.786,25080,39,2017-12-08 10:00:00,3,100,1,115,0
18.63,1.463,2314.0,0.0,8.964,160.44,1.031,0,0.0,8.399,8.359,10.893,57.121,60.598,58.371,52.328,0.727,25140,39,2017-12-08 11:00:00,3,100,1,115,0
18.355,1.431,2314.0,0.007,8.992,160.16,0.445,0,0.0,8.458,8.402,67.131,57.273,61.145,58.23,52.316,0.627,25200,39,2017-12-08 12:00:00,3,100,1,115,0
18.668,1.46,2319.2,0.0,8.98,160.4,0.562,0,0.0,8.455,8.415,10.686,56.953,60.559,58.367,52.316,0.785,25260,39,2017-12-08 13:00:00,3,100,1,115,0
18.434,1.432,2314.2,0.004,8.976,160.15,0.422,0,0.0,8.411,8.37,10.691,57.02,60.34,58.25,52.332,0.798,25320,39,2017-12-08 14:00:00,3,100,1,115,0
18.709,1.463,2316.6,0.0,8.929,160.38,0.969,0,0.0,8.434,8.381,10.73,57.027,60.285,58.371,52.324,0.775,25380,39,2017-12-08 15:00:00,3,100,1,115,0
18.803,1.477,2315.8,0.001,8.956,160.3,0.344,0,0.0,8.446,8.402,10.85,57.094,60.23,58.453,52.332,0.756,25440,39,2017-12-08 16:00:00,3,100,1,115,0
18.529,1.447,2317.4,0.001,8.946,160.51,0.422,0,0.0,8.398,8.358,71.079,57.379,61.117,58.297,52.312,0.631,25500,39,2017-12-08 17:00:00,3,100,0,115,1
18.9,1.481,2307.0,0.003,8.956,161.59,1.125,0,0.0,8.45,8.4,70.076,57.195,61.246,58.445,52.324,0.583,25560,39,2017-12-08 18:00:00,3,73,0,115,0
18.765,1.473,2307.8,0.003,8.947,161.59,1.078,0,0.0,8.399,8.358,70.89,57.207,61.387,58.379,52.328,0.628,25620,39,2017-12-08 19:00:00,3,73,0,115,0
18.325,1.432,2311.8,0.004,9.006,161.69,0.656,0,0.0,8.475,8.417,71.231,57.223,61.395,58.223,52.316,0.621,25680,39,2017-12-08 20:00:00,3,73,0,115,0
18.537,1.458,2306.6,0.003,8.969,161.6,0.555,0,0.0,8.41,8.361,70.79,57.129,61.387,58.301,52.316,0.629,25740,39,2017-12-08 21:00:00,3,73,0,115,0
18.324,1.421,2308.8,0.001,8.993,161.69,0.953,0,0.0,8.458,8.413,71.104,57.094,61.395,58.113,52.234,0.621,25800,39,2017-12-08 22:00:00,3,73,0,115,0
18.655,1.453,2309.6,0.004,8.978,161.66,1.023,0,0.0,8.417,8.359,69.922,57.105,61.359,58.125,52.152,0.619,25860,39,2017-12-08 23:00:00,3,73,0,115,0
18.581,1.439,2314.6,0.001,8.995,161.79,0.484,0,0.0,8.44,8.389,70.787,57.02,61.32,58.059,52.09,0.633,25920,39,2017-12-09 00:00:00,3,73,0,115,0
18.713,1.449,2318.8,0.003,9.015,161.69,0.609,0,0.0,8.476,8.42,69.756,56.879,61.246,58.055,52.062,0.622,25980,39,2017-12-09 01:00:00,3,73,0,115,0
18.634,1.446,2325.2,0.004,9.017,161.94,0.844,0,0.0,8.436,8.386,71.299,56.867,61.211,58.043,52.102,0.62,26040,39,2017-12-09 02:00:00,3,73,0,115,0
18.481,1.426,2320.6,0.0,8.982,161.67,0.664,0,0.0,8.443,8.406,70.847,56.848,61.137,57.953,52.078,0.613,26100,39,2017-12-09 03:00:00,3,73,0,115,0
18.479,1.424,2319.0,0.003,9.029,161.72,1.0,0,0.0,8.477,8.42,71.323,56.828,61.145,57.871,52.0,0.626,26160,39,2017-12-09 04:00:00,3,80,0,115,0
18.548,1.436,2326.4,0.006,9.016,161.8,0.555,0,0.0,8.434,8.377,70.323,56.77,61.164,57.801,51.906,0.622,26220,39,2017-12-09 05:00:00,3,80,0,115,0
18.634,1.435,2323.0,0.004,9.005,161.75,0.508,0,0.0,8.465,8.393,70.82,56.691,61.117,57.844,51.914,0.619,26280,39,2017-12-09 06:00:00,3,80,0,115,0
18.558,1.432,2319.0,0.004,9.04,161.81,0.609,0,0.0,8.475,8.413,70.643,56.691,61.098,57.812,51.906,0.623,26340,39,2017-12-09 07:00:00,3,80,0,115,0
20.112,1.552,2319.0,0.003,8.961,161.79,1.133,0,0.0,8.427,8.38,70.103,56.68,61.09,57.785,51.402,0.621,26400,39,2017-12-09 08:00:00,3,80,0,115,0
18.563,1.429,2321.2,0.003,9.009,161.95,1.195,0,0.0,8.453,8.406,70.915,56.602,61.004,57.707,51.836,0.618,26460,39,2017-12-09 09:00:00,3,80,0,115,0
20.379,1.569,2321.0,0.0,9.04,161.88,1.078,0,0.0,8.488,8.434,70.807,56.609,61.004,57.695,51.246,0.624,26520,39,2017-12-09 10:00:00,3,80,0,115,0
20.131,1.547,2317.6,0.003,9.003,161.74,0.68,0,0.0,8.446,8.386,71.389,56.527,60.922,57.703,51.336,0.618,26580,39,2017-12-09 11:00:00,3,80,0,115,0
20.636,1.588,2310.8,0.001,9.009,161.86,0.937,0,0.0,8.469,8.42,70.322,56.531,60.937,57.691,51.18,0.624,26640,39,2017-12-09 12:00:00,3,80,0,115,0
19.624,1.505,2291.2,0.005,9.016,161.83,0.484,0,0.0,8.474,8.418,70.223,56.516,60.934,57.609,51.414,0.616,26700,39,2017-12-09 13:00:00,3,80,0,115,0
20.009,1.535,2281.4,0.003,8.991,161.93,0.547,0,0.0,8.446,8.402,70.002,56.531,60.914,57.527,51.234,0.623,26760,39,2017-12-09 14:00:00,3,90,0,115,0
20.381,1.561,2271.6,0.001,9.041,161.9,0.555,0,0.0,8.495,8.45,71.237,56.437,60.937,57.617,51.164,0.612,26820,39,2017-12-09 15:00:00,3,90,0,115,0
20.485,1.565,2271.6,0.004,9.046,161.97,0.555,0,0.0,8.48,8.417,69.951,56.43,60.879,57.598,51.187,0.622,26880,39,2017-12-09 16:00:00,3,90,0,115,0
20.01,1.522,2269.6,0.004,9.044,161.9,0.523,0,0.0,8.481,8.429,70.83,56.422,60.844,57.609,51.324,0.626,26940,39,2017-12-09 17:00:00,3,90,0,115,0
19.817,1.506,2271.4,0.006,9.021,161.93,0.508,0,0.0,8.481,8.436,69.999,56.496,60.883,57.437,51.242,0.597,27000,39,2017-12-09 18:00:00,3,90,0,115,0
20.023,1.524,2275.4,0.003,9.017,162.01,1.078,0,0.0,8.506,8.448,70.919,56.43,60.844,57.437,51.191,0.614,27060,39,2017-12-09 19:00:00,3,90,0,115,0
20.325,1.559,2281.4,0.0,9.038,161.75,1.047,0,0.0,8.493,8.442,70.94,56.348,60.785,57.527,51.164,0.608,27120,39,2017-12-09 20:00:00,3,90,0,115,0
19.883,1.516,2285.4,0.003,9.022,161.99,1.359,0,0.0,8.497,8.445,70.526,56.398,60.785,57.437,51.23,0.597,27180,39,2017-12-09 21:00:00,3,90,0,115,0
20.311,1.556,2287.2,0.0,9.051,161.95,0.656,0,0.0,8.495,8.448,70.344,56.422,60.785,57.441,51.082,0.61,27240,39,2017-12-09 22:00:00,3,90,0,115,0
20.381,1.547,2285.4,0.003,9.064,162.05,0.656,0,0.0,8.498,8.447,69.99,56.355,60.758,57.437,51.074,0.609,27300,39,2017-12-09 23:00:00,3,90,0,115,0
20.596,1.573,2277.4,0.006,9.101,161.98,0.664,0,0.0,8.5,8.444,70.913,56.355,60.738,57.453,51.004,0.643,27360,39,2017-12-10 00:00:00,3,100,0,115,0
20.056,1.529,2273.4,0.003,9.045,161.84,0.68,0,0.0,8.459,8.418,69.656,56.355,60.75,57.449,51.168,0.611,27420,39,2017-12-10 01:00:00,3,100,0,115,0
20.328,1.554,2271.6,0.006,9.016,162.06,1.094,0,0.0,8.441,8.405,71.064,56.344,60.738,57.441,51.094,0.605,27480,39,2017-12-10 02:00:00,3,100,0,115,0
18.88,1.438,2265.6,0.005,9.062,161.99,0.641,0,0.0,8.502,8.441,70.325,56.336,60.746,57.406,51.484,0.603,27540,39,2017-12-10 03:00:00,3,100,0,115,0
19.442,1.476,2312.2,0.001,9.053,161.97,0.641,0,0.0,8.472,8.432,70.185,56.344,60.75,57.434,51.309,0.609,27600,39,2017-12-10 04:00:00,3,100,0,115,0
19.145,1.45,2333.6,0.004,9.031,161.84,0.953,0,0.0,8.472,8.413,70.462,56.336,60.758,57.406,51.406,0.612,27660,39,2017-12-10 05:00:00,3,100,0,115,0
19.882,1.506,2328.6,0.001,9.087,161.9,0.68,0,0.0,8.503,8.458,71.155,56.262,60.723,57.379,51.168,0.611,27720,39,2017-12-10 06:00:00,3,100,0,115,0
20.218,1.547,2321.4,0.003,9.061,162.09,1.016,0,0.0,8.472,8.413,10.834,56.082,60.082,57.508,51.16,0.735,27780,39,2017-12-10 07:00:00,3,100,0,115,0
20.787,1.585,2813.8,0.0,9.005,189.91,0.219,0,0.0,8.455,8.408,70.017,56.426,60.586,57.617,51.074,0.618,27840,39,2017-12-10 08:00:00,3,100,0,115,0
20.457,1.579,2293.4,0.005,9.017,162.34,0.5,0,0.0,8.448,8.403,70.57,56.422,60.684,57.625,51.16,0.632,27900,39,2017-12-10 09:00:00,3,100,0,115,0
19.672,1.518,2266.4,0.004,9.054,162.19,1.102,0,0.0,8.493,8.438,70.943,56.395,60.676,57.609,51.398,0.61,27960,39,2017-12-10 10:00:00,3,100,0,100,1
20.049,1.53,2328.4,0.005,9.052,164.0,1.047,0,0.0,8.487,8.44,70.379,56.328,60.746,57.52,51.227,0.617,28020,39,2017-12-10 11:00:00,3,100,0,100,1
20.019,1.537,2340.8,0.005,9.038,164.0,0.891,0,0.0,8.448,8.398,69.979,56.402,60.746,57.434,51.137,0.613,28080,39,2017-12-10 12:00:00,3,100,0,100,1
20.453,1.567,2334.8,0.003,9.009,163.98,0.5,0,0.0,8.454,8.413,10.728,56.168,60.055,57.617,51.16,0.755,28140,39,2017-12-10 13:00:00,3,100,0,100,1
18.967,1.459,2325.0,0.003,9.049,163.88,0.508,0,0.0,8.499,8.447,70.104,56.598,60.621,57.434,51.473,0.613,28200,39,2017-12-10 14:00:00,3,100,0,100,1
20.297,1.555,2316.6,0.001,9.039,163.31,0.977,0,0.0,8.434,8.394,70.815,56.398,60.75,57.527,51.148,0.599,28260,39,2017-12-10 15:00:00,3,100,0,100,1
20.016,1.534,2308.4,0.003,9.034,163.35,0.82,0,0.0,8.488,8.432,70.566,56.426,60.758,57.508,51.234,0.609,28320,39,2017-12-10 16:00:00,3,100,0,100,1
20.268,1.543,2295.2,0.004,9.079,163.48,0.953,0,0.0,8.497,8.439,70.354,56.328,60.766,57.441,51.086,0.605,28380,39,2017-12-10 17:00:00,3,100,0,100,1
20.059,1.542,2293.4,0.0,9.042,163.3,1.07,0,0.0,8.458,8.415,69.954,56.348,60.75,57.453,51.141,0.605,28440,39,2017-12-10 18:00:00,3,100,0,100,1
19.939,1.523,2287.8,0.004,9.036,163.48,0.734,0,0.0,8.469,8.415,70.851,56.387,60.75,57.437,51.164,0.602,28500,39,2017-12-10 19:00:00,3,100,0,100,1
20.141,1.532,2269.4,0.0,9.079,163.17,0.523,0,0.0,8.504,8.455,10.428,56.195,60.082,57.367,51.082,0.772,28560,39,2017-12-10 20:00:00,3,100,2,100,1
20.079,1.531,2304.6,0.001,9.069,161.91,0.641,0,0.0,8.467,8.42,10.584,56.176,59.797,57.449,51.152,0.783,28620,39,2017-12-10 21:00:00,3,73,2,100,0
19.659,1.51,2336.0,0.004,9.056,161.91,0.328,0,0.0,8.464,8.402,10.666,56.172,59.66,57.387,51.203,0.778,28680,39,2017-12-10 22:00:00,3,73,2,100,0
18.778,1.437,2346.2,0.0,9.022,161.79,0.977,0,0.0,8.442,8.408,10.607,56.09,59.508,57.449,51.57,0.776,28740,39,2017-12-10 23:00:00,3,73,2,100,0
20.593,1.589,2342.6,0.004,9.007,161.71,0.898,0,0.0,8.448,8.394,10.579,56.172,59.441,57.598,51.102,0.808,28800,39,2017-12-11 00:00:00,3,73,2,100,0
19.637,1.509,2337.2,0.0,9.029,161.63,1.0,0,0.0,8.469,8.423,10.549,56.25,59.426,57.613,51.414,0.782,28860,39,2017-12-11 01:00:00,3,73,2,100,0
20.375,1.564,2337.2,0.001,9.044,161.47,0.477,0,0.0,8.479,8.438,10.55,56.262,59.43,57.691,51.242,0.776,28920,39,2017-12-11 02:00:00,3,73,2,100,0
20.041,1.544,2339.0,0.005,9.023,161.56,0.5,0,0.0,8.47,8.423,10.578,56.25,59.426,57.785,51.441,0.796,28980,39,2017-12-11 03:00:00,3,73,2,100,0
20.675,1.608,2841.6,0.0,8.984,189.55,0.242,0,0.0,8.44,8.394,10.573,56.344,59.43,58.043,51.418,0.83,29040,39,2017-12-11 04:00:00,3,73,2,100,0
18.925,1.466,2333.2,0.003,9.024,161.72,0.922,0,0.0,8.451,8.398,10.64,56.41,59.414,58.031,51.996,0.782,29100,39,2017-12-11 05:00:00,3,73,2,100,0
19.368,1.499,2333.0,0.006,8.979,161.61,0.844,0,0.0,8.446,8.396,10.673,56.508,59.578,58.121,51.902,0.762,29160,39,2017-12-11 06:00:00,3,73,2,100,0
18.629,1.436,2329.8,0.003,8.961,161.21,0.469,0,0.0,8.455,8.413,10.647,56.586,59.672,58.035,52.102,0.78,29220,39,2017-12-11 07:00:00,3,80,2,100,0
18.78,1.459,2329.8,0.0,8.972,161.15,0.375,0,0.0,8.474,8.411,10.705,56.609,59.691,58.211,52.172,0.763,29280,39,2017-12-11 08:00:00,3,80,2,100,0
18.592,1.441,2331.6,0.008,8.993,161.1,0.375,0,0.0,8.472,8.42,10.684,56.676,59.77,58.203,52.234,0.802,29340,39,2017-12-11 09:00:00,3,80,2,100,0
18.649,1.446,2334.2,0.0,8.969,161.04,0.289,0,0.0,8.433,8.385,10.722,56.824,59.824,58.301,52.305,0.758,29400,39,2017-12-11 10:00:00,3,80,2,100,0
18.816,1.469,2334.2,0.0,8.943,160.97,0.937,0,0.0,8.41,8.358,10.715,56.836,59.906,58.371,52.316,0.766,29460,39,2017-12-11 11:00:00,3,80,2,100,0
18.826,1.457,2331.4,0.006,8.982,160.74,0.32,0,0.0,8.458,8.415,10.71,56.848,59.91,58.383,52.41,0.768,29520,39,2017-12-11 12:00:00,3,80,2,100,0
18.99,1.478,2329.6,0.0,8.989,160.97,0.562,0,0.0,8.439,8.383,10.725,56.922,59.934,58.461,52.328,0.78,29580,39,2017-12-11 13:00:00,3,80,2,100,0
18.726,1.461,2334.2,0.007,8.926,160.94,1.047,0,0.0,8.401,8.352,10.71,57.035,60.0,58.461,52.41,0.761,29640,39,2017-12-11 14:00:00,3,80,2,100,0
18.438,1.445,2336.4,0.0,8.928,160.94,0.523,0,0.0,8.397,8.345,65.759,57.426,60.934,58.453,52.488,0.624,29700,39,2017-12-11 15:00:00,3,80,2,100,0
18.686,1.462,2336.8,0.006,8.948,160.5,1.07,0,0.0,8.399,8.359,10.73,57.086,60.461,58.555,52.496,0.779,29760,39,2017-12-11 16:00:00,3,80,2,100,0
18.645,1.457,2336.8,0.001,8.954,160.86,0.945,0,0.0,8.436,8.389,10.741,57.113,60.352,58.539,52.5,0.76,29820,39,2017-12-11 17:00:00,3,90,2,100,0
18.674,1.455,2330.6,0.003,8.949,160.88,0.523,0,0.0,8.455,8.401,10.665,57.105,60.34,58.547,52.512,0.758,29880,39,2017-12-11 18:00:00,3,90,2,100,0
18.532,1.438,2332.8,0.006,8.949,160.91,0.914,0,0.0,8.396,8.344,10.74,57.293,60.23,58.453,52.484,0.767,29940,39,2017-12-11 19:00:00,3,90,2,100,0
18.919,1.475,2833.4,0.005,8.946,189.44,0.297,0,0.0,8.42,8.372,10.774,57.277,60.137,58.707,52.551,0.785,30000,39,2017-12-11 20:00:00,3,90,2,100,0
19.09,1.5,2323.0,0.008,8.943,160.91,0.43,0,0.08,8.428,8.382,10.8,57.266,60.18,58.871,52.645,0.795,30060,39,2017-12-11 21:00:00,3,90,2,100,0
18.867,1.48,2327.6,0.003,8.928,160.97,0.344,0,0.0,8.381,8.337,10.755,57.301,60.312,58.789,52.641,0.759,30120,39,2017-12-11 22:00:00,3,90,2,100,0
18.567,1.449,2334.2,0.004,8.953,160.82,0.5,0,0.0,8.427,8.383,10.813,57.398,60.328,58.703,52.727,0.775,30180,39,2017-12-11 23:00:00,3,90,2,100,0
18.593,1.463,2335.4,0.003,8.899,160.62,0.375,0,0.0,8.384,8.337,10.788,57.453,60.352,58.773,52.723,0.774,30240,39,2017-12-12 00:00:00,3,90,2,100,0
18.724,1.462,2329.6,0.001,8.934,160.67,0.844,0,0.0,8.428,8.385,10.779,57.453,60.371,58.871,52.762,0.777,30300,39,2017-12-12 01:00:00,3,90,2,100,0
18.984,1.494,2327.0,0.004,8.916,160.69,0.453,0,0.0,8.382,8.351,10.801,57.492,60.418,58.957,52.773,0.771,30360,39,2017-12-12 02:00:00,3,90,2,100,0
18.764,1.474,2321.0,0.005,8.927,160.63,1.047,0,0.0,8.373,8.328,10.744,57.48,60.492,58.863,52.734,0.771,30420,39,2017-12-12 03:00:00,3,100,2,100,0
18.57,1.452,2312.2,0.005,8.919,160.5,0.977,0,0.0,8.413,8.373,10.8,57.492,60.504,58.867,52.82,0.776,30480,39,2017-12-12 04:00:00,3,100,2,100,0
18.772,1.471,2304.8,0.0,8.938,160.77,0.977,0,0.0,8.422,8.383,10.823,57.52,60.531,58.949,52.816,0.752,30540,39,2017-12-12 05:00:00,3,100,2,100,0
18.777,1.47,2305.0,0.004,8.892,160.64,0.43,0,0.0,8.378,8.347,10.826,57.527,60.594,58.961,52.828,0.776,30600,39,2017-12-12 06:00:00,3,100,2,100,0
18.75,1.472,2295.4,0.001,8.921,160.58,0.453,0,0.0,8.383,8.33,10.86,57.605,60.586,59.074,52.906,0.762,30660,39,2017-12-12 07:00:00,3,100,2,100,0
18.791,1.476,2281.4,0.011,8.909,160.88,0.875,0,0.0,8.392,8.342,10.889,57.605,60.598,58.973,52.828,0.753,30720,39,2017-12-12 08:00:00,3,100,2,100,0
18.964,1.497,2277.4,0.007,8.941,160.75,0.398,0,0.0,8.441,8.382,10.881,57.648,60.602,59.07,52.828,0.753,30780,39,2017-12-12 09:00:00,3,100,2,100,0
18.619,1.471,2277.4,0.004,8.894,160.52,0.398,0,0.0,8.389,8.361,10.807,57.672,60.656,59.043,52.91,0.75,30840,39,2017-12-12 10:00:00,3,100,2,100,0
18.69,1.491,2275.4,0.006,8.886,160.59,0.781,0,0.0,8.388,8.334,10.855,57.641,60.668,59.098,52.828,0.744,30900,39,2017-12-12 11:00:00,3,100,2,100,0
18.866,1.502,2274.6,0.009,8.902,160.44,0.937,0,0.0,8.425,8.377,10.797,57.68,60.691,59.137,52.887,0.776,30960,39,2017-12-12 12:00:00,3,100,2,100,0
18.866,1.497,2285.6,0.004,8.906,160.41,0.422,0,0.0,8.392,8.342,10.942,57.719,60.762,59.152,52.895,0.772,31020,39,2017-12-12 13:00:00,3,100,1,100,1
18.379,1.46,2304.6,0.003,8.903,161.16,0.422,0,0.0,8.351,8.307,10.878,57.707,60.805,59.059,52.984,0.76,31080,39,2017-12-12 14:00:00,3,73,1,100,0
18.947,1.501,2316.8,0.0,8.885,161.32,0.602,0,0.0,8.38,8.336,10.907,57.781,60.824,59.152,52.898,0.757,31140,39,2017-12-12 15:00:00,3,73,1,100,0
18.999,1.506,2314.2,0.0,8.844,161.18,0.734,0,0.0,8.392,8.337,10.879,57.715,60.695,59.137,52.898,0.777,31200,39,2017-12-12 16:00:00,3,73,1,100,0
18.777,1.478,2283.8,0.004,8.904,161.17,0.867,0,0.0,8.368,8.318,10.93,57.703,60.789,59.152,52.973,0.76,31260,39,2017-12-12 17:00:00,3,73,1,100,0
18.748,1.485,2260.0,0.006,8.911,161.29,0.922,0,0.0,8.382,8.335,10.872,57.766,60.828,59.133,52.965,0.766,31320,39,2017-12-12 18:00:00,3,73,1,100,0
18.912,1.504,2318.0,0.003,8.925,161.19,0.352,0,0.0,8.405,8.371,10.887,57.805,60.832,59.223,52.965,0.765,31380,39,2017-12-12 19:00:00,3,73,1,100,0
18.905,1.493,2289.6,0.005,8.908,161.21,0.891,0,0.0,8.401,8.361,10.901,57.781,60.844,59.246,52.984,0.758,31440,39,2017-12-12 20:00:00,3,73,1,100,0
18.805,1.479,2260.0,0.0,8.865,161.02,0.367,0,0.0,8.386,8.33,10.871,57.77,60.914,59.207,52.984,0.761,31500,39,2017-12-12 21:00:00,3,73,1,100,0
18.955,1.494,2315.8,0.003,8.931,161.1,0.406,0,0.0,8.417,8.372,10.9,57.859,60.91,59.203,52.984,0.762,31560,39,2017-12-12 22:00:00,3,73,1,100,0
18.696,1.474,2285.6,0.001,8.931,161.09,0.43,0,0.0,8.403,8.363,67.765,58.125,61.762,59.148,52.984,0.609,31620,39,2017-12-12 23:00:00,3,73,1,100,0
18.813,1.481,2268.0,0.003,8.92,160.77,0.812,0,0.0,8.368,8.322,10.864,57.687,61.18,59.203,52.992,0.752,31680,39,2017-12-13 00:00:00,3,80,1,100,0
18.817,1.484,2324.0,0.003,8.951,161.13,0.375,0,0.0,8.413,8.377,67.328,58.125,61.859,59.152,52.977,0.632,31740,39,2017-12-13 01:00:00,3,80,1,100,0
18.682,1.473,2301.4,0.0,8.901,160.58,0.922,0,0.0,8.365,8.319,10.799,57.715,61.18,59.082,52.926,0.756,31800,39,2017-12-13 02:00:00,3,80,1,100,0
18.548,1.458,2276.0,0.006,8.905,161.23,0.945,0,0.0,8.392,8.354,10.944,57.812,61.344,58.957,52.906,0.719,31860,39,2017-12-13 03:00:00,3,80,1,100,0
18.657,1.472,2312.4,0.001,8.959,161.16,0.945,0,0.0,8.434,8.392,67.574,57.965,61.82,58.91,52.812,0.601,31920,39,2017-12-13 04:00:00,3,80,1,100,0
18.695,1.462,2320.2,0.009,8.954,160.89,0.937,0,0.0,8.431,8.391,10.789,57.699,61.168,58.895,52.816,0.764,31980,39,2017-12-13 05:00:00,3,80,1,100,0
18.703,1.459,2298.6,0.007,8.914,161.31,0.867,0,0.0,8.391,8.342,10.847,57.613,61.02,58.898,52.812,0.761,32040,39,2017-12-13 06:00:00,3,80,1,100,0
18.835,1.477,2283.8,0.0,8.938,161.18,0.586,0,0.0,8.375,8.323,10.877,57.598,60.953,58.973,52.812,0.776,32100,39,2017-12-13 07:00:00,3,80,1,100,0
18.813,1.475,2252.0,0.003,8.924,161.25,0.555,0,1.789,8.406,8.366,11.025,57.652,60.887,58.988,52.805,0.782,32160,39,2017-12-13 08:00:00,3,80,1,100,0
18.859,1.473,2296.0,0.003,8.891,161.38,0.43,0,0.0,8.383,8.337,10.915,57.648,60.816,58.984,52.816,0.797,32220,39,2017-12-13 09:00:00,3,80,1,100,0
18.612,1.449,2305.2,0.003,8.889,160.99,0.945,0,0.0,8.358,8.322,10.916,57.652,60.773,58.949,52.887,0.778,32280,39,2017-12-13 10:00:00,3,90,1,100,0
18.885,1.477,2306.8,0.0,8.898,161.19,0.375,0,0.0,8.415,8.375,11.057,57.66,60.766,59.086,52.898,0.782,32340,39,2017-12-13 11:00:00,3,90,1,100,0
18.674,1.462,2303.6,0.0,8.836,160.86,0.797,0,0.0,8.368,8.319,11.02,57.691,60.785,59.113,52.992,0.779,32400,39,2017-12-13 12:00:00,3,90,1,100,0
18.611,1.464,2307.8,0.003,8.906,161.21,0.625,0,0.0,8.401,8.348,10.947,57.73,60.777,59.125,52.961,0.776,32460,39,2017-12-13 13:00:00,3,90,1,100,0
18.67,1.456,2308.6,0.0,8.841,161.16,0.375,0,0.0,8.377,8.326,11.164,57.691,60.785,59.086,52.973,0.772,32520,39,2017-12-13 14:00:00,3,90,1,100,0
18.888,1.489,2303.2,0.004,8.922,161.05,0.742,0,0.0,8.388,8.332,10.97,57.691,60.828,59.195,52.984,0.754,32580,39,2017-12-13 15:00:00,3,90,1,100,0
18.595,1.457,2304.0,0.0,8.884,161.28,0.977,0,0.0,8.41,8.361,10.992,57.758,60.859,59.141,53.02,0.761,32640,39,2017-12-13 16:00:00,3,90,1,100,0
18.621,1.465,2304.2,0.001,8.866,160.98,0.953,0,0.195,8.371,8.339,11.077,57.758,60.844,59.137,53.016,0.786,32700,39,2017-12-13 17:00:00,3,90,1,100,0
18.895,1.485,2291.6,0.003,8.884,161.27,0.406,0,0.0,8.373,8.331,11.24,57.754,60.871,59.203,52.961,0.776,32760,39,2017-12-13 18:00:00,3,90,1,100,0
19.1,1.507,2245.6,0.0,8.911,161.04,0.891,0,0.0,8.401,8.352,10.992,57.77,60.859,59.281,52.988,0.768,32820,39,2017-12-13 19:00:00,3,90,1,100,0
19.131,1.509,2255.4,0.0,8.808,161.19,1.031,0,0.0,8.347,8.307,11.012,57.77,60.871,59.281,52.984,0.756,32880,39,2017-12-13 20:00:00,3,100,1,100,0
19.15,1.506,2255.6,0.001,8.906,161.18,0.719,0,0.0,8.406,8.361,11.225,57.84,60.953,59.312,53.012,0.764,32940,39,2017-12-13 21:00:00,3,100,1,100,0
18.91,1.491,2253.4,0.0,8.9,161.18,0.43,0,0.0,8.368,8.333,11.116,57.84,60.949,59.297,53.039,0.776,33000,39,2017-12-13 22:00:00,3,100,1,100,0
19.0,1.507,2253.4,0.001,8.919,161.04,0.375,0,0.0,8.345,8.3,11.327,57.871,60.949,59.297,52.992,0.776,33060,39,2017-12-13 23:00:00,3,100,1,100,0
18.841,1.499,2251.0,0.004,8.921,161.23,0.297,0,0.0,8.365,8.315,11.223,57.84,60.965,59.355,53.043,0.761,33120,39,2017-12-14 00:00:00,3,100,1,100,0
18.898,1.494,2250.0,0.001,8.874,160.98,0.875,0,0.0,8.408,8.358,11.077,57.84,60.937,59.289,53.055,0.795,33180,39,2017-12-14 01:00:00,3,100,1,100,0
18.939,1.497,2262.6,0.003,8.842,161.04,0.609,0,0.0,8.387,8.332,11.055,57.891,60.934,59.324,53.066,0.779,33240,39,2017-12-14 02:00:00,3,100,1,100,0
18.877,1.502,2289.6,0.007,8.865,161.19,0.734,0,0.0,8.338,8.285,11.101,57.914,60.937,59.328,53.059,0.774,33300,39,2017-12-14 03:00:00,3,100,1,100,0
18.988,1.499,2288.6,0.0,8.853,161.21,0.812,0,0.161,8.399,8.348,11.11,57.887,60.937,59.402,53.07,0.772,33360,39,2017-12-14 04:00:00,3,100,1,100,0
18.934,1.485,2294.0,0.001,8.829,161.17,0.508,0,0.0,8.347,8.304,11.301,57.859,60.949,59.312,53.051,0.763,33420,39,2017-12-14 05:00:00,3,100,1,100,0
18.895,1.487,2274.6,0.0,8.884,161.17,0.32,0,0.0,8.4,8.352,71.217,58.184,61.906,59.203,53.004,0.634,33480,39,2017-12-14 06:00:00,3,100,0,100,1
18.633,1.477,2241.4,0.0,8.846,162.07,0.664,0,0.0,8.359,8.314,71.369,58.039,62.082,59.207,53.066,0.641,33540,39,2017-12-14 07:00:00,3,73,0,100,0
19.139,1.51,2249.4,0.005,8.876,162.05,1.023,0,0.0,8.378,8.339,11.358,57.805,61.437,59.203,52.984,0.762,33600,39,2017-12-14 08:00:00,3,73,0,100,0
18.605,1.464,2257.4,0.001,8.892,162.23,0.789,0,0.0,8.389,8.339,70.37,58.113,62.012,59.121,52.973,0.625,33660,39,2017-12-14 09:00:00,3,73,0,100,0
18.633,1.457,2263.4,0.001,8.873,162.18,0.711,0,0.0,8.359,8.314,71.169,57.945,62.117,59.109,52.961,0.624,33720,39,2017-12-14 10:00:00,3,73,0,100,0
18.778,1.481,2271.2,0.001,8.858,162.09,0.742,0,0.0,8.402,8.347,71.179,57.887,62.129,59.043,52.898,0.619,33780,39,2017-12-14 11:00:00,3,73,0,100,0
18.337,1.428,2265.4,0.003,8.875,161.99,0.625,0,0.0,8.356,8.304,71.337,57.766,62.094,58.863,52.887,0.625,33840,39,2017-12-14 12:00:00,3,73,0,100,0
18.54,1.446,2271.0,0.004,8.935,162.02,0.891,0,0.0,8.42,8.37,11.275,57.625,61.449,58.871,52.801,0.772,33900,39,2017-12-14 13:00:00,3,73,0,100,0
18.579,1.473,2282.6,0.0,8.914,162.44,0.344,0,0.0,8.389,8.337,71.393,57.957,61.93,58.879,52.762,0.634,33960,39,2017-12-14 14:00:00,3,73,0,100,0
18.71,1.466,2284.4,0.006,8.914,161.99,0.5,0,0.0,8.41,8.374,70.464,57.672,61.93,58.895,52.801,0.635,34020,39,2017-12-14 15:00:00,3,73,0,100,0
18.629,1.455,2291.8,0.003,8.887,161.95,0.562,0,0.0,8.378,8.333,70.221,57.625,61.926,58.809,52.746,0.618,34080,39,2017-12-14 16:00:00,3,73,0,100,0
18.535,1.446,2294.6,0.004,8.914,162.14,0.922,0,0.0,8.418,8.371,70.443,57.621,61.93,58.742,52.711,0.627,34140,39,2017-12-14 17:00:00,3,80,0,100,0
18.382,1.429,2288.6,0.006,8.915,162.1,0.914,0,0.0,8.377,8.333,71.637,57.52,61.875,58.652,52.727,0.636,34200,39,2017-12-14 18:00:00,3,80,0,100,0
18.528,1.44,2284.6,0.006,8.937,162.15,0.422,0,0.0,8.43,8.375,11.363,57.305,61.18,58.641,52.648,0.752,34260,39,2017-12-14 19:00:00,3,80,0,100,0
18.719,1.454,2282.6,0.003,8.897,162.42,0.391,0,0.0,8.384,8.347,71.61,57.613,61.68,58.629,52.555,0.632,34320,39,2017-12-14 20:00:00,3,80,0,100,0
18.716,1.456,2275.0,0.006,8.905,162.12,0.969,0,0.0,8.415,8.369,11.373,57.277,61.129,58.629,52.574,0.775,34380,39,2017-12-14 21:00:00,3,80,0,100,0
18.939,1.468,2269.0,0.0,8.924,162.5,1.023,0,0.0,8.394,8.347,11.215,57.449,60.953,58.687,52.582,0.772,34440,39,2017-12-14 22:00:00,3,80,0,100,0
18.765,1.462,2278.8,0.009,8.967,162.69,0.797,0,0.0,8.434,8.389,70.653,57.66,61.617,58.664,52.582,0.631,34500,39,2017-12-14 23:00:00,3,80,0,100,0
18.532,1.446,2282.0,0.001,8.891,162.17,0.445,0,0.0,8.378,8.325,71.172,57.5,61.672,58.66,52.668,0.623,34560,39,2017-12-15 00:00:00,3,80,0,100,0
18.48,1.447,2280.6,0.001,8.92,162.17,0.977,0,0.0,8.438,8.377,11.202,57.266,61.113,58.668,52.66,0.761,34620,39,2017-12-15 01:00:00,3,80,0,100,0
18.422,1.434,2277.0,0.003,8.92,162.41,0.711,0,0.0,8.373,8.337,71.688,57.605,61.68,58.613,52.566,0.625,34680,39,2017-12-15 02:00:00,3,80,0,100,0
18.622,1.455,2277.0,0.003,8.938,162.23,0.586,0,0.0,8.434,8.389,71.491,57.488,61.684,58.609,52.566,0.618,34740,39,2017-12-15 03:00:00,3,90,0,100,0
18.395,1.427,2273.0,0.001,8.924,162.1,1.016,0,0.0,8.373,8.331,71.072,57.449,61.734,58.531,52.574,0.62,34800,39,2017-12-15 04:00:00,3,90,0,100,0
18.386,1.424,2267.2,0.004,8.942,162.17,0.969,0,0.0,8.437,8.392,71.208,57.367,61.695,58.527,52.574,0.613,34860,39,2017-12-15 05:00:00,3,90,0,100,0
18.6,1.445,2263.8,0.003,8.914,162.12,0.445,0,0.0,8.406,8.37,11.23,57.187,61.09,58.516,52.523,0.774,34920,39,2017-12-15 06:00:00,3,90,0,100,0
18.88,1.471,2266.0,0.0,8.911,162.69,0.922,0,0.0,8.389,8.347,11.061,57.254,60.895,58.602,52.5,0.775,34980,39,2017-12-15 07:00:00,3,90,0,100,0
18.446,1.433,2309.2,0.0,8.939,162.52,0.945,0,0.0,8.388,8.356,71.352,57.609,61.586,58.445,52.496,0.632,35040,39,2017-12-15 08:00:00,3,90,0,100,0
18.841,1.468,2293.6,0.003,8.935,162.16,1.094,0,0.0,8.389,8.339,71.546,57.371,61.617,58.613,52.496,0.619,35100,39,2017-12-15 09:00:00,3,90,0,100,0
18.505,1.429,2273.0,0.001,8.947,162.19,1.078,0,0.0,8.422,8.382,70.905,57.367,61.66,58.461,52.477,0.632,35160,39,2017-12-15 10:00:00,3,90,0,100,0
18.438,1.432,2271.2,0.0,8.921,162.49,0.859,0,0.0,8.38,8.328,11.22,57.195,60.988,58.445,52.5,0.768,35220,39,2017-12-15 11:00:00,3,90,0,100,0
18.88,1.477,2257.4,0.005,8.944,162.66,0.422,0,0.0,8.427,8.395,71.033,57.504,61.59,58.453,52.332,0.624,35280,39,2017-12-15 12:00:00,3,90,0,100,0
18.241,1.427,2255.4,0.001,8.928,162.4,0.477,0,0.0,8.42,8.38,70.988,57.289,61.633,58.383,52.484,0.618,35340,39,2017-12-15 13:00:00,3,100,0,100,0
18.467,1.445,2249.6,0.003,8.915,162.33,0.969,0,0.0,8.403,8.363,70.54,57.277,61.629,58.391,52.41,0.617,35400,39,2017-12-15 14:00:00,3,100,0,100,0
18.462,1.433,2277.6,0.001,8.983,162.37,0.953,0,0.0,8.415,8.381,10.982,57.039,60.949,58.371,52.41,0.761,35460,39,2017-12-15 15:00:00,3,100,0,100,0
18.545,1.448,2803.0,0.003,8.941,189.85,0.391,0,0.0,8.41,8.37,70.284,57.293,61.398,58.453,52.469,0.615,35520,39,2017-12-15 16:00:00,3,100,0,100,0
18.318,1.422,2310.2,0.001,8.946,162.64,0.891,0,0.0,8.396,8.364,70.429,57.277,61.426,58.383,52.473,0.63,35580,39,2017-12-15 17:00:00,3,100,0,100,0
18.56,1.441,2305.2,0.006,8.951,162.68,0.969,0,0.0,8.401,8.366,10.997,57.027,60.898,58.461,52.477,0.771,35640,39,2017-12-15 18:00:00,3,100,0,100,0
18.541,1.444,2298.0,0.003,8.948,162.69,0.609,0,0.0,8.441,8.402,70.74,57.371,61.41,58.391,52.402,0.616,35700,39,2017-12-15 19:00:00,3,100,0,100,0
18.613,1.453,2291.2,0.003,8.869,162.52,0.68,0,0.0,8.384,8.344,10.998,57.105,60.844,58.453,52.406,0.748,35760,39,2017-12-15 20:00:00,3,100,0,100,0
18.688,1.462,2287.4,0.005,8.969,162.94,0.945,0,0.0,8.449,8.406,71.021,57.383,61.414,58.461,52.395,0.64,35820,39,2017-12-15 21:00:00,3,100,0,100,0
18.488,1.437,2273.0,0.001,8.906,162.4,1.07,0,0.0,8.393,8.356,70.694,57.273,61.492,58.383,52.402,0.605,35880,39,2017-12-15 22:00:00,3,100,0,100,0
18.239,1.424,2271.2,0.001,8.951,162.23,0.633,0,0.0,8.425,8.392,70.727,57.289,61.508,58.277,52.402,0.609,35940,39,2017-12-15 23:00:00,3,100,0,90,1
18.382,1.426,2277.4,0.008,8.958,165.41,1.0,0,0.0,8.422,8.377,70.696,57.117,61.437,58.23,52.324,0.61,36000,39,2017-12-16 00:00:00,3,100,0,90,1
18.224,1.418,2279.4,0.005,8.929,165.25,1.055,0,0.0,8.392,8.344,70.722,57.094,61.422,58.203,52.316,0.617,36060,39,2017-12-16 01:00:00,3,100,0,90,1
18.33,1.428,2287.0,0.006,8.952,165.27,0.789,0,0.0,8.413,8.359,71.433,57.094,61.414,58.125,52.258,0.63,36120,39,2017-12-16 02:00:00,3,100,0,90,1
18.418,1.425,2292.8,0.004,8.944,164.97,0.953,0,0.0,8.435,8.382,70.526,56.945,61.371,58.047,52.156,0.614,36180,39,2017-12-16 03:00:00,3,100,0,90,1
18.665,1.442,2296.4,0.005,8.959,165.06,0.891,0,0.0,8.462,8.408,70.403,56.953,61.316,58.047,52.09,0.632,36240,39,2017-12-16 04:00:00,3,100,0,90,1
18.34,1.417,2308.4,0.004,8.972,165.06,0.453,0,0.0,8.462,8.411,70.893,56.867,61.266,57.965,52.094,0.618,36300,39,2017-12-16 05:00:00,3,100,0,90,1
18.186,1.41,2306.6,0.0,8.96,164.98,0.547,0,0.0,8.446,8.391,71.172,56.82,61.238,57.883,52.078,0.622,36360,39,2017-12-16 06:00:00,3,100,0,90,1
18.55,1.425,2304.6,0.001,8.996,164.93,0.375,0,0.0,8.415,8.375,71.472,56.754,61.145,57.828,51.895,0.623,36420,39,2017-12-16 07:00:00,3,100,0,90,1
18.657,1.45,2308.4,0.004,8.988,165.13,0.406,0,0.0,8.422,8.369,70.647,56.77,61.168,57.879,51.906,0.618,36480,39,2017-12-16 08:00:00,3,100,0,90,1
18.583,1.436,2309.6,0.0,8.934,165.06,0.898,0,0.0,8.423,8.364,10.814,56.449,60.465,57.84,51.922,0.776,36540,39,2017-12-16 09:00:00,3,100,2,90,1
18.438,1.422,2336.4,0.006,8.955,163.28,0.508,0,0.0,8.433,8.377,10.685,56.422,60.141,57.777,51.906,0.779,36600,39,2017-12-16 10:00:00,3,73,2,90,0
19.165,1.476,2327.6,0.004,8.979,163.36,0.297,0,0.0,8.48,8.42,10.721,56.43,59.93,57.789,51.652,0.772,36660,39,2017-12-16 11:00:00,3,73,2,90,0
18.927,1.454,2324.8,0.004,8.994,163.41,0.914,0,0.326,8.458,8.412,10.844,56.441,59.855,57.695,51.656,0.794,36720,39,2017-12-16 12:00:00,3,73,2,90,0
19.454,1.502,2332.6,0.004,9.005,163.09,0.484,0,0.0,8.45,8.389,10.718,56.43,59.766,57.887,51.668,0.78,36780,39,2017-12-16 13:00:00,3,73,2,90,0
18.877,1.461,2330.8,0.0,8.96,163.25,0.398,0,0.0,8.422,8.374,10.903,56.422,59.703,57.867,51.895,0.8,36840,39,2017-12-16 14:00:00,3,73,2,90,0
18.712,1.437,2330.6,0.004,8.989,163.11,0.867,0,0.0,8.454,8.406,10.78,56.504,59.687,57.953,52.008,0.781,36900,39,2017-12-16 15:00:00,3,73,2,90,0
18.621,1.439,2334.0,0.003,8.969,163.03,0.484,0,0.0,8.467,8.415,10.906,56.582,59.715,57.949,51.996,0.779,36960,39,2017-12-16 16:00:00,3,73,2,90,0
20.362,1.578,2832.4,0.0,8.969,189.44,0.25,0,0.0,8.425,8.38,10.752,56.594,59.594,58.113,51.578,0.786,37020,39,2017-12-16 17:00:00,3,73,2,90,0
18.777,1.456,2337.0,0.0,8.951,162.88,0.5,0,0.0,8.425,8.38,10.657,56.602,59.691,58.207,52.16,0.795,37080,39,2017-12-16 18:00:00,3,73,2,90,0
18.745,1.457,2333.4,0.005,8.938,163.04,0.797,0,0.0,8.442,8.403,10.662,56.668,59.742,58.289,52.238,0.796,37140,39,2017-12-16 19:00:00,3,73,2,90,0
18.739,1.463,2333.4,0.004,8.943,162.79,0.937,0,0.013,8.394,8.348,10.769,56.789,59.824,58.391,52.316,0.785,37200,39,2017-12-16 20:00:00,3,80,2,90,0
18.796,1.474,2334.4,0.001,8.994,162.71,0.844,0,0.0,8.427,8.38,10.846,56.828,59.879,58.449,52.312,0.782,37260,39,2017-12-16 21:00:00,3,80,2,90,0
18.549,1.449,2829.8,0.008,8.895,189.66,0.242,0,0.0,8.389,8.347,10.777,56.863,59.742,58.527,52.477,0.797,37320,39,2017-12-16 22:00:00,3,80,2,90,0
18.752,1.473,2331.2,0.001,8.945,162.74,0.398,0,0.0,8.439,8.387,10.801,56.945,59.902,58.609,52.496,0.786,37380,39,2017-12-16 23:00:00,3,80,2,90,0
18.471,1.458,2330.6,0.001,8.951,162.84,0.391,0,0.0,8.402,8.357,10.779,57.035,59.961,58.539,52.5,0.799,37440,39,2017-12-17 00:00:00,3,80,2,90,0
18.363,1.439,2318.6,0.003,8.932,162.69,0.719,0,0.0,8.376,8.335,10.743,57.105,60.07,58.527,52.527,0.795,37500,39,2017-12-17 01:00:00,3,80,2,90,0
18.706,1.483,2319.0,0.0,8.962,162.63,0.922,0,0.0,8.431,8.38,10.86,57.102,60.07,58.668,52.512,0.779,37560,39,2017-12-17 02:00:00,3,80,2,90,0
18.755,1.481,2314.6,0.001,8.914,162.38,0.945,0,0.0,8.403,8.356,10.723,57.195,60.168,58.707,52.562,0.78,37620,39,2017-12-17 03:00:00,3,80,2,90,0
18.736,1.475,2291.6,0.0,8.868,162.48,0.625,0,0.0,8.366,8.33,10.914,57.266,60.176,58.703,52.578,0.788,37680,39,2017-12-17 04:00:00,3,80,2,90,0
18.553,1.455,2259.6,0.005,8.908,162.69,0.422,0,0.0,8.375,8.323,10.704,57.293,60.586,58.625,52.562,0.752,37740,39,2017-12-17 05:00:00,3,80,2,90,0
18.481,1.463,2269.4,0.001,8.932,162.42,0.398,0,0.0,8.373,8.329,66.341,57.516,61.219,58.602,52.551,0.64,37800,39,2017-12-17 06:00:00,3,90,2,90,0
18.519,1.455,2277.4,0.0,8.838,162.17,0.992,0,0.0,8.358,8.32,10.748,57.273,60.656,58.641,52.555,0.782,37860,39,2017-12-17 07:00:00,3,90,2,90,0
18.446,1.442,2281.4,0.003,8.874,162.61,0.953,0,0.0,8.389,8.352,10.717,57.266,60.57,58.602,52.574,0.788,37920,39,2017-12-17 08:00:00,3,90,2,90,0
18.698,1.461,2293.2,0.004,8.889,162.6,1.016,0,0.0,8.392,8.347,10.753,57.262,60.477,58.691,52.523,0.788,37980,39,2017-12-17 09:00:00,3,90,2,90,0
18.81,1.489,2822.0,0.0,8.898,189.39,0.25,0,0.0,8.399,8.366,10.843,57.266,60.301,58.777,52.562,0.783,38040,39,2017-12-17 10:00:00,3,90,2,90,0
18.154,1.428,2319.8,0.0,8.933,163.55,1.0,0,8.612,8.406,8.366,10.781,57.273,60.637,58.625,52.656,0.737,38100,39,2017-12-17 11:00:00,3,90,2,90,0
18.296,1.435,2318.8,0.0,8.927,162.82,0.977,0,0.0,8.399,8.357,66.117,57.504,61.316,58.637,52.633,0.631,38160,39,2017-12-17 12:00:00,3,90,2,90,0
18.688,1.472,2323.6,0.003,8.92,162.48,1.023,0,0.0,8.424,8.373,10.868,57.273,60.758,58.695,52.582,0.757,38220,39,2017-12-17 13:00:00,3,90,2,90,0
18.413,1.454,2321.0,0.0,8.926,162.18,0.453,0,0.0,8.405,8.364,10.834,57.273,60.598,58.664,52.562,0.779,38280,39,2017-12-17 14:00:00,3,90,2,90,0
18.463,1.455,2316.8,0.005,8.901,162.56,0.445,0,0.0,8.381,8.332,10.792,57.254,60.5,58.648,52.578,0.777,38340,39,2017-12-17 15:00:00,3,90,2,90,0
18.603,1.46,2311.8,0.003,8.908,162.58,0.508,0,0.0,8.425,8.372,10.872,57.25,60.48,58.707,52.574,0.774,38400,39,2017-12-17 16:00:00,3,100,2,90,0
18.591,1.462,2316.8,0.003,8.894,162.61,0.344,0,0.0,8.396,8.345,10.879,57.238,60.434,58.797,52.668,0.779,38460,39,2017-12-17 17:00:00,3,100,2,90,0
18.581,1.463,2324.4,0.003,8.908,162.91,0.531,0,0.0,8.41,8.368,10.839,57.289,60.445,58.777,52.66,0.8,38520,39,2017-12-17 18:00:00,3,100,2,90,0
18.248,1.438,2309.4,0.004,8.884,162.69,1.0,0,0.0,8.427,8.381,66.327,57.504,61.227,58.621,52.66,0.669,38580,39,2017-12-17 19:00:00,3,100,2,90,0
18.34,1.452,2297.0,0.008,8.922,161.98,0.945,0,0.0,8.428,8.368,10.801,57.266,60.711,58.719,52.668,0.773,38640,39,2017-12-17 20:00:00,3,100,2,90,0
18.123,1.434,2295.4,0.0,8.863,162.57,0.609,0,0.0,8.373,8.336,10.834,57.273,60.609,58.629,52.656,0.779,38700,39,2017-12-17 21:00:00,3,100,2,90,0
18.644,1.469,2293.2,0.003,8.909,162.52,0.375,0,0.0,8.425,8.391,10.811,57.273,60.508,58.719,52.566,0.788,38760,39,2017-12-17 22:00:00,3,100,2,90,0
18.614,1.474,2295.2,0.005,8.867,162.48,0.625,0,0.0,8.398,8.337,10.794,57.359,60.527,58.801,52.656,0.781,38820,39,2017-12-17 23:00:00,3,100,2,90,0
18.686,1.478,2295.2,0.006,8.862,162.34,0.523,0,0.0,8.418,8.375,10.745,57.379,60.465,58.812,52.648,0.777,38880,39,2017-12-18 00:00:00,3,100,2,90,0
18.956,1.503,2310.4,0.003,8.884,162.44,0.969,0,0.0,8.387,8.326,10.826,57.367,60.449,58.801,52.562,0.785,38940,39,2017-12-18 01:00:00,3,100,2,90,0
18.656,1.481,2317.6,0.008,8.876,162.29,0.867,0,0.0,8.393,8.339,10.948,57.367,60.434,58.809,52.629,0.777,39000,39,2017-12-18 02:00:00,3,100,1,90,1
18.864,1.5,2309.4,0.005,8.869,162.73,0.406,0,0.0,8.433,8.382,10.84,57.379,60.437,58.891,52.629,0.78,39060,39,2017-12-18 03:00:00,3,73,1,90,0
18.556,1.477,2314.4,0.001,8.904,162.95,0.859,0,0.0,8.38,8.34,10.92,57.395,60.48,58.867,52.727,0.796,39120,39,2017-12-18 04:00:00,3,73,1,90,0
18.426,1.463,2314.4,0.011,8.889,162.92,0.398,0,0.0,8.411,8.373,10.841,57.437,60.5,58.855,52.727,0.763,39180,39,2017-12-18 05:00:00,3,73,1,90,0
18.524,1.459,2312.6,0.009,8.874,162.84,0.68,0,0.0,8.384,8.339,10.907,57.531,60.52,58.883,52.711,0.769,39240,39,2017-12-18 06:00:00,3,73,1,90,0
18.607,1.479,2315.2,0.005,8.886,163.03,0.922,0,0.0,8.427,8.377,10.876,57.437,60.52,58.906,52.727,0.76,39300,39,2017-12-18 07:00:00,3,73,1,90,0
18.617,1.474,2318.8,0.0,8.842,163.04,0.836,0,0.0,8.373,8.307,68.126,57.687,61.426,58.891,52.707,0.629,39360,39,2017-12-18 08:00:00,3,73,1,90,0
18.426,1.478,2317.8,0.003,8.92,162.5,0.898,0,0.0,8.429,8.384,10.755,57.383,60.871,58.883,52.727,0.774,39420,39,2017-12-18 09:00:00,3,73,1,90,0
18.341,1.459,2320.0,0.006,8.927,162.88,0.5,0,0.0,8.42,8.379,10.815,57.449,60.691,58.785,52.672,0.78,39480,39,2017-12-18 10:00:00,3,73,1,90,0
18.405,1.454,2320.4,0.005,8.904,162.82,0.422,0,0.0,8.365,8.304,10.804,57.461,60.598,58.809,52.723,0.797,39540,39,2017-12-18 11:00:00,3,73,1,90,0
18.764,1.495,2313.2,0.004,8.929,162.91,0.922,0,0.0,8.431,8.377,67.983,57.66,61.422,58.883,52.715,0.641,39600,39,2017-12-18 12:00:00,3,73,1,90,0
18.869,1.503,2316.6,0.003,8.886,162.5,0.398,0,0.0,8.406,8.363,10.807,57.367,60.926,58.906,52.641,0.773,39660,39,2017-12-18 13:00:00,3,80,1,90,0
18.339,1.455,2314.8,0.0,8.901,162.71,0.867,0,0.0,8.386,8.337,10.931,57.445,60.711,58.719,52.656,0.777,39720,39,2017-12-18 14:00:00,3,80,1,90,0
18.442,1.454,2311.0,0.0,8.946,162.77,0.406,0,0.0,8.444,8.401,67.468,57.582,61.414,58.637,52.566,0.634,39780,39,2017-12-18 15:00:00,3,80,1,90,0
18.67,1.469,2317.2,0.006,8.878,162.41,0.812,0,0.0,8.382,8.339,10.739,57.266,60.895,58.664,52.527,0.771,39840,39,2017-12-18 16:00:00,3,80,1,90,0
18.758,1.491,2316.6,0.008,8.895,162.88,0.391,0,0.0,8.439,8.392,10.903,57.293,60.664,58.723,52.523,0.764,39900,39,2017-12-18 17:00:00,3,80,1,90,0
18.327,1.444,2318.0,0.008,8.903,163.01,0.391,0,0.0,8.373,8.339,10.745,57.293,60.937,58.625,52.574,0.715,39960,39,2017-12-18 18:00:00,3,80,1,90,0
18.29,1.45,2318.2,0.004,8.929,162.83,0.867,0,0.0,8.432,8.378,10.846,57.273,60.602,58.543,52.523,0.773,40020,39,2017-12-18 19:00:00,3,80,1,90,0
18.799,1.489,2320.8,0.007,8.905,163.04,0.398,0,0.0,8.411,8.368,10.836,57.266,60.543,58.641,52.5,0.776,40080,39,2017-12-18 20:00:00,3,80,1,90,0
18.623,1.464,2318.8,0.001,8.865,163.23,0.508,0,0.0,8.375,8.34,10.845,57.273,60.488,58.637,52.504,0.782,40140,39,2017-12-18 21:00:00,3,80,1,90,0
18.685,1.489,2315.8,0.007,8.955,162.69,0.992,0,0.0,8.443,8.395,10.805,57.273,60.453,58.715,52.504,0.776,40200,39,2017-12-18 22:00:00,3,80,1,90,0
18.58,1.475,2315.0,0.006,8.899,162.66,0.977,0,0.0,8.41,8.356,10.839,57.277,60.437,58.707,52.562,0.77,40260,39,2017-12-18 23:00:00,3,90,1,90,0
18.388,1.452,2306.0,0.003,8.867,162.9,0.398,0,0.0,8.377,8.336,10.916,57.266,60.426,58.641,52.574,0.768,40320,39,2017-12-19 00:00:00,3,90,1,90,0
19.007,1.519,2813.4,0.003,8.869,189.61,0.312,0,0.864,8.407,8.365,10.964,57.262,60.27,58.891,52.648,0.761,40380,39,2017-12-19 01:00:00,3,90,1,90,0
18.556,1.478,2317.0,0.006,8.892,163.6,0.977,0,1.899,8.417,8.361,67.99,57.5,61.234,58.871,52.734,0.632,40440,39,2017-12-19 02:00:00,3,90,1,90,0
18.536,1.468,2255.4,0.001,8.92,162.41,1.023,0,0.0,8.402,8.354,10.886,57.238,60.684,58.879,52.75,0.76,40500,39,2017-12-19 03:00:00,3,90,1,90,0
18.494,1.469,2255.4,0.001,8.893,163.09,0.82,0,0.0,8.415,8.366,10.887,57.262,60.598,58.797,52.66,0.762,40560,39,2017-12-19 04:00:00,3,90,1,90,0
18.346,1.45,2259.6,0.001,8.916,163.13,0.953,0,0.0,8.425,8.37,68.093,57.594,61.348,58.719,52.648,0.627,40620,39,2017-12-19 05:00:00,3,90,1,90,0
18.237,1.446,2275.4,0.003,8.92,162.58,0.859,0,0.0,8.382,8.335,10.84,57.246,60.832,58.543,52.504,0.769,40680,39,2017-12-19 06:00:00,3,90,1,90,0
18.509,1.462,2283.2,0.005,8.924,163.07,1.031,0,0.0,8.4,8.361,10.847,57.273,60.664,58.668,52.523,0.768,40740,39,2017-12-19 07:00:00,3,90,1,90,0
18.642,1.476,2294.6,0.001,8.907,163.09,0.687,0,0.0,8.42,8.373,10.872,57.262,60.586,58.652,52.523,0.764,40800,39,2017-12-19 08:00:00,3,90,1,90,0
18.493,1.451,2296.4,0.003,8.915,163.13,0.43,0,0.0,8.415,8.371,68.003,57.504,61.32,58.609,52.5,0.623,40860,39,2017-12-19 09:00:00,3,100,1,90,0
18.525,1.466,2301.8,0.009,8.949,162.42,1.055,0,0.0,8.424,8.373,10.873,57.102,60.777,58.652,52.523,0.768,40920,39,2017-12-19 10:00:00,3,100,1,90,0
18.306,1.451,2309.0,0.0,8.947,162.84,0.875,0,0.0,8.412,8.366,10.942,57.25,60.586,58.531,52.512,0.8,40980,39,2017-12-19 11:00:00,3,100,1,90,0
18.453,1.475,2316.4,0.001,8.936,162.77,0.477,0,0.0,8.406,8.366,10.83,57.266,60.508,58.609,52.504,0.766,41040,39,2017-12-19 12:00:00,3,100,1,90,0
18.361,1.443,2317.8,0.001,8.864,162.9,0.898,0,0.0,8.378,8.331,10.867,57.238,60.418,58.527,52.504,0.755,41100,39,2017-12-19 13:00:00,3,100,1,90,0
18.602,1.476,2316.0,0.001,8.924,162.76,0.953,0,0.0,8.41,8.366,10.808,57.195,60.367,58.691,52.562,0.742,41160,39,2017-12-19 14:00:00,3,100,1,90,0
18.627,1.493,2317.4,0.0,8.948,162.92,0.937,0,0.0,8.418,8.373,10.906,57.262,60.355,58.641,52.527,0.763,41220,39,2017-12-19 15:00:00,3,100,1,90,0
18.252,1.443,2317.2,0.001,8.891,162.79,0.977,0,0.956,8.388,8.352,11.285,57.277,60.711,58.602,52.578,0.729,41280,39,2017-12-19 16:00:00,3,100,1,90,0
18.653,1.486,2309.2,0.0,8.921,162.6,1.0,0,0.0,8.423,8.37,10.899,57.254,60.516,58.691,52.523,0.763,41340,39,2017-12-19 17:00:00,3,100,1,90,0
18.719,1.479,2308.6,0.003,8.948,162.94,0.398,0,0.0,8.411,8.377,10.998,57.246,60.453,58.664,52.535,0.768,41400,39,2017-12-19 18:00:00,3,100,1,90,0
18.307,1.445,2317.6,0.0,8.877,162.83,1.094,0,0.0,8.393,8.347,71.168,57.52,61.328,58.625,52.566,0.614,41460,39,2017-12-19 19:00:00,3,100,0,90,1
18.639,1.481,2313.4,0.0,8.925,163.92,0.477,0,0.0,8.436,8.384,70.676,57.516,61.484,58.625,52.488,0.622,41520,39,2017-12-19 20:00:00,3,73,0,90,0
18.597,1.477,2306.4,0.003,8.908,163.81,0.391,0,0.0,8.375,8.321,70.92,57.461,61.578,58.625,52.477,0.621,41580,39,2017-12-19 21:00:00,3,73,0,90,0
18.074,1.438,2296.8,0.0,8.946,163.93,0.977,0,0.0,8.441,8.4,71.231,57.281,61.578,58.445,52.484,0.616,41640,39,2017-12-19 22:00:00,3,73,0,90,0
18.432,1.455,2285.0,0.001,8.902,163.89,0.875,0,0.0,8.395,8.342,70.808,57.289,61.512,58.445,52.406,0.615,41700,39,2017-12-19 23:00:00,3,73,0,90,0
18.267,1.443,2279.0,0.0,8.954,163.9,0.875,0,0.0,8.445,8.4,70.7,57.281,61.523,58.297,52.312,0.618,41760,39,2017-12-20 00:00:00,3,73,0,90,0
18.081,1.415,2269.4,0.0,8.929,164.19,0.531,0,0.0,8.395,8.351,71.576,57.184,61.465,58.207,52.332,0.624,41820,39,2017-12-20 01:00:00,3,73,0,90,0
18.521,1.459,2261.4,0.0,8.904,163.94,0.531,0,0.0,8.42,8.378,71.338,57.121,61.426,58.211,52.156,0.634,41880,39,2017-12-20 02:00:00,3,73,0,90,0
18.065,1.419,2255.4,0.006,8.962,163.98,0.531,0,0.0,8.458,8.417,70.789,57.027,61.398,58.137,52.234,0.642,41940,39,2017-12-20 03:00:00,3,73,0,90,0
18.099,1.42,2266.4,0.008,8.976,164.03,0.398,0,0.0,8.408,8.361,70.229,56.941,61.309,58.129,52.078,0.631,42000,39,2017-12-20 04:00:00,3,73,0,90,0
18.407,1.436,2282.6,0.0,8.916,164.14,0.937,0,0.0,8.418,8.382,10.946,56.68,60.609,58.047,52.078,0.752,42060,39,2017-12-20 05:00:00,3,73,0,90,0
18.337,1.44,2249.6,0.004,8.936,164.56,0.992,0,0.0,8.41,8.361,71.165,57.027,61.168,58.062,52.094,0.618,42120,39,2017-12-20 06:00:00,3,80,0,90,0
18.395,1.439,2255.4,0.0,8.949,164.06,0.742,0,0.0,8.399,8.361,70.463,56.855,61.145,58.055,52.086,0.605,42180,39,2017-12-20 07:00:00,3,80,0,90,0
18.093,1.429,2261.4,0.006,8.946,164.22,0.32,0,0.0,8.42,8.369,71.378,56.852,61.184,57.949,52.078,0.6,42240,39,2017-12-20 08:00:00,3,80,0,90,0
18.373,1.441,2271.4,0.004,8.988,164.35,0.945,0,0.0,8.436,8.389,70.373,56.863,61.164,57.937,51.996,0.642,42300,39,2017-12-20 09:00:00,3,80,0,90,0
19.445,1.525,2271.4,0.001,9.0,164.17,1.016,0,0.0,8.467,8.415,71.322,56.695,61.164,57.871,51.574,0.61,42360,39,2017-12-20 10:00:00,3,80,0,90,0
19.153,1.487,2261.4,0.003,8.979,164.2,0.297,0,0.0,8.411,8.375,71.431,56.687,61.145,57.812,51.652,0.609,42420,39,2017-12-20 11:00:00,3,80,0,90,0
20.053,1.578,2251.6,0.003,9.023,164.32,0.898,0,0.0,8.477,8.427,70.223,56.598,61.023,57.805,51.312,0.617,42480,39,2017-12-20 12:00:00,3,80,0,90,0
19.702,1.545,2303.6,0.0,8.999,164.09,0.469,0,0.0,8.431,8.378,71.54,56.613,61.016,57.773,51.414,0.61,42540,39,2017-12-20 13:00:00,3,80,0,90,0
18.515,1.447,2323.6,0.001,9.019,164.28,0.367,0,0.0,8.479,8.424,71.212,56.609,61.016,57.695,51.742,0.615,42600,39,2017-12-20 14:00:00,3,80,0,90,0
18.458,1.441,2322.6,0.003,8.98,164.35,0.477,0,0.0,8.434,8.373,71.223,56.609,60.922,57.691,51.734,0.608,42660,39,2017-12-20 15:00:00,3,80,0,90,0
18.744,1.466,2316.8,0.005,9.035,164.15,1.07,0,0.0,8.486,8.432,70.263,56.508,60.91,57.602,51.574,0.607,42720,39,2017-12-20 16:00:00,3,90,0,90,0
19.805,1.543,2320.6,0.003,9.016,164.34,0.453,0,0.0,8.439,8.385,71.461,56.441,60.922,57.598,51.254,0.603,42780,39,2017-12-20 17:00:00,3,90,0,90,0
18.987,1.486,2311.6,0.001,9.003,164.08,0.797,0,0.0,8.497,8.434,71.323,56.426,60.844,57.52,51.414,0.619,42840,39,2017-12-20 18:00:00,3,90,0,90,0
19.811,1.536,2303.8,0.003,8.984,164.16,1.156,0,0.0,8.439,8.391,70.18,56.336,60.816,57.516,51.148,0.607,42900,39,2017-12-20 19:00:00,3,90,0,90,0
19.522,1.533,2283.2,0.0,9.047,164.33,0.789,0,0.0,8.499,8.458,70.924,56.348,60.75,57.504,51.258,0.609,42960,39,2017-12-20 20:00:00,3,90,0,90,0
19.564,1.524,2283.2,0.001,9.0,164.11,0.5,0,0.0,8.441,8.398,70.45,56.32,60.73,57.434,51.164,0.613,43020,39,2017-12-20 21:00:00,3,90,0,90,0
19.324,1.501,2283.4,0.006,9.022,164.24,1.055,0,0.0,8.463,8.425,71.268,56.172,60.656,57.387,51.199,0.601,43080,39,2017-12-20 22:00:00,3,90,0,90,0
19.962,1.562,2275.4,0.0,9.053,164.3,0.508,0,0.0,8.498,8.442,71.184,56.25,60.668,57.383,50.996,0.602,43140,39,2017-12-20 23:00:00,3,90,0,90,0
20.121,1.564,2269.4,0.004,9.007,164.2,1.102,0,0.0,8.464,8.408,70.495,56.168,60.648,57.355,50.922,0.605,43200,39,2017-12-21 00:00:00,3,90,0,90,0
19.798,1.538,2263.4,0.0,9.04,164.35,0.633,0,0.0,8.474,8.43,70.678,56.16,60.582,57.352,51.016,0.604,43260,39,2017-12-21 01:00:00,3,90,0,90,0
19.937,1.551,2309.6,0.0,9.044,164.15,0.547,0,0.0,8.505,8.465,70.75,56.172,60.57,57.266,50.922,0.602,43320,39,2017-12-21 02:00:00,3,100,0,90,0
20.141,1.569,2322.0,0.004,8.991,164.34,0.391,0,0.0,8.453,8.399,70.949,56.168,60.57,57.258,50.844,0.595,43380,39,2017-12-21 03:00:00,3,100,0,90,0
19.875,1.546,2328.6,0.001,9.047,164.43,1.125,0,0.0,8.453,8.401,70.548,56.078,60.574,57.18,50.844,0.597,43440,39,2017-12-21 04:00:00,3,100,0,90,0
20.151,1.56,2312.6,0.004,9.049,164.38,1.102,0,0.0,8.509,8.456,70.53,56.082,60.559,57.172,50.785,0.607,43500,39,2017-12-21 05:00:00,3,100,0,90,0
20.263,1.577,2308.4,0.003,9.007,164.54,0.477,0,0.0,8.481,8.432,71.112,56.016,60.473,57.246,50.805,0.609,43560,39,2017-12-21 06:00:00,3,100,0,90,0
19.855,1.546,2304.2,0.006,9.067,164.41,1.023,0,0.0,8.483,8.431,71.085,55.996,60.488,57.18,50.844,0.621,43620,39,2017-12-21 07:00:00,3,100,0,90,0
20.178,1.563,2304.8,0.001,9.017,164.52,1.07,0,0.0,8.476,8.42,70.352,55.996,60.422,57.172,50.777,0.599,43680,39,2017-12-21 08:00:00,3,100,0,90,0
20.125,1.573,2287.8,0.003,9.036,164.38,0.578,0,0.0,8.476,8.425,70.92,55.977,60.418,57.18,50.766,0.605,43740,39,2017-12-21 09:00:00,3,100,0,90,0
20.129,1.563,2263.6,0.006,9.045,164.23,0.922,0,0.0,8.474,8.417,70.926,55.988,60.398,57.184,50.766,0.599,43800,39,2017-12-21 10:00:00,3,100,0,90,0
19.931,1.548,2269.4,0.0,9.034,164.49,0.406,0,0.0,8.451,8.408,71.159,55.996,60.383,57.082,50.754,0.61,43860,39,2017-12-21 11:00:00,3,100,0,90,0
23.911,1.849,2273.4,0.003,9.016,164.69,1.023,0,0.0,8.484,8.425,70.58,55.84,60.328,57.004,49.449,0.611,43920,39,2017-12-21 12:00:00,20,100,0,90,1
27.047,2.09,2279.4,0.0,9.044,164.68,1.156,0,0.0,8.507,8.448,70.663,54.926,59.875,56.75,48.18,0.61,43980,39,2017-12-21 13:00:00,20,100,0,90,1
27.193,2.105,2289.4,0.0,9.059,164.92,1.18,0,0.0,8.549,8.503,70.84,54.187,59.32,56.316,47.77,0.624,44040,39,2017-12-21 14:00:00,20,100,0,90,1
27.951,2.137,2287.4,0.004,9.091,165.11,0.992,0,0.0,8.559,8.488,70.825,53.508,58.672,55.836,47.223,0.609,44100,39,2017-12-21 15:00:00,20,100,0,90,1
27.869,2.097,2280.0,0.003,9.127,165.1,1.195,0,0.0,8.606,8.543,70.725,53.016,58.168,55.426,46.891,0.61,44160,39,2017-12-21 16:00:00,20,100,0,90,1
27.344,2.05,2333.6,0.001,9.16,165.34,1.281,0,0.0,8.66,8.597,70.412,52.516,57.68,54.91,46.652,0.601,44220,39,2017-12-21 17:00:00,20,100,0,90,1
26.313,1.952,2352.6,0.001,9.186,165.48,0.508,0,0.0,8.667,8.616,70.486,52.086,57.309,54.398,46.562,0.607,44280,39,2017-12-21 18:00:00,20,100,0,90,1
26.257,1.916,2360.2,0.004,9.234,165.67,0.578,0,0.0,8.701,8.635,70.566,51.754,56.848,54.012,46.324,0.618,44340,39,2017-12-21 19:00:00,20,100,0,90,1
26.769,1.946,2345.8,0.0,9.271,165.78,0.664,0,0.369,8.707,8.639,70.566,51.312,56.52,53.754,46.004,0.591,44400,39,2017-12-21 20:00:00,20,100,0,90,1
26.383,1.899,2325.2,0.001,9.294,165.97,1.0,0,0.0,8.734,8.679,70.709,50.992,56.168,53.363,45.809,0.576,44460,39,2017-12-21 21:00:00,20,100,0,90,1
26.036,1.845,2311.4,0.001,9.287,165.98,1.281,0,0.0,8.778,8.715,70.455,50.746,55.82,52.996,45.562,0.585,44520,39,2017-12-21 22:00:00,20,100,0,90,1
26.188,1.851,2309.4,0.004,9.334,166.14,1.203,0,0.0,8.82,8.75,70.595,50.465,55.551,52.758,45.414,0.594,44580,39,2017-12-21 23:00:00,20,100,0,90,1
26.118,1.823,2301.4,0.001,9.323,166.11,0.586,0,0.0,8.785,8.722,70.703,50.238,55.32,52.504,45.242,0.6,44640,39,2017-12-22 00:00:00,20,100,0,90,1
25.987,1.809,2356.4,0.001,9.331,166.29,0.609,0,0.0,8.804,8.743,70.735,49.988,55.086,52.238,45.082,0.603,44700,39,2017-12-22 01:00:00,20,100,0,90,1
26.217,1.812,2378.4,0.003,9.361,166.16,1.328,0,0.0,8.84,8.764,70.673,49.828,54.922,52.07,44.898,0.6,44760,39,2017-12-22 02:00:00,20,100,0,90,1
26.182,1.821,2375.2,0.001,9.427,166.37,0.586,0,0.0,8.851,8.784,70.745,49.652,54.719,51.812,44.742,0.587,44820,39,2017-12-22 03:00:00,20,100,0,90,1
26.173,1.791,2373.8,0.003,9.414,166.3,0.734,0,0.0,8.877,8.807,70.518,49.48,54.5,51.621,44.57,0.598,44880,39,2017-12-22 04:00:00,20,100,0,90,1
25.986,1.772,2360.0,0.003,9.437,166.73,0.734,0,0.0,8.889,8.82,70.695,49.328,54.363,51.43,44.5,0.595,44940,39,2017-12-22 05:00:00,20,100,0,90,1
26.497,1.783,2337.8,0.003,9.428,166.48,1.406,0,0.0,8.874,8.803,70.802,49.148,54.191,51.309,44.246,0.583,45000,39,2017-12-22 06:00:00,20,100,0,90,1
26.375,1.792,2323.8,0.001,9.469,166.76,1.367,0,0.0,8.898,8.82,70.539,48.977,54.078,51.176,44.168,0.59,45060,39,2017-12-22 07:00:00,20,100,0,90,1
26.316,1.793,2346.4,0.005,9.448,166.61,1.492,0,0.0,8.921,8.851,70.508,48.969,53.957,51.059,44.074,0.577,45120,39,2017-12-22 08:00:00,20,100,0,90,1
26.321,1.775,2388.4,0.0,9.464,166.78,0.633,0,0.0,8.903,8.83,70.562,48.746,53.887,50.973,43.988,0.599,45180,39,2017-12-22 09:00:00,20,100,0,90,1
26.125,1.754,2362.2,0.003,9.486,166.77,1.437,0,0.0,8.881,8.81,70.585,48.742,53.715,50.801,43.922,0.585,45240,39,2017-12-22 10:00:00,20,100,0,90,1
26.053,1.748,2331.8,0.0,9.459,166.74,1.391,0,0.0,8.887,8.815,70.601,48.562,53.687,50.641,43.852,0.59,45300,39,2017-12-22 11:00:00,20,100,0,90,1
26.164,1.758,2380.6,0.0,9.514,166.8,1.125,0,0.0,8.923,8.852,70.433,48.52,53.535,50.582,43.75,0.583,45360,39,2017-12-22 12:00:00,20,100,0,90,1
25.82,1.717,2377.8,0.003,9.514,166.94,0.602,0,0.0,8.931,8.862,70.689,48.465,53.453,50.473,43.77,0.602,45420,39,2017-12-22 13:00:00,20,100,0,90,1
26.07,1.731,2335.8,0.001,9.516,167.02,1.43,0,0.0,8.872,8.808,70.502,48.398,53.453,50.332,43.59,0.59,45480,39,2017-12-22 14:00:00,20,100,0,90,1
26.388,1.749,2393.8,0.003,9.541,166.97,0.734,0,0.0,8.939,8.871,70.606,48.387,53.344,50.297,43.586,0.595,45540,39,2017-12-22 15:00:00,20,100,0,90,1
26.128,1.723,2368.6,0.001,9.562,166.87,0.734,0,0.0,8.922,8.851,70.359,48.305,53.234,50.203,43.504,0.586,45600,39,2017-12-22 16:00:00,20,100,0,90,1
26.165,1.731,2323.8,0.005,9.528,167.11,0.68,0,0.0,8.898,8.827,70.589,48.23,53.211,50.137,43.426,0.576,45660,39,2017-12-22 17:00:00,20,100,0,90,1
26.391,1.751,2376.0,0.0,9.525,167.07,0.68,0,0.0,8.906,8.826,70.564,48.145,53.199,50.125,43.336,0.593,45720,39,2017-12-22 18:00:00,20,100,0,90,1
26.093,1.71,2394.0,0.0,9.544,167.23,1.523,0,0.0,8.911,8.837,70.75,48.094,53.133,49.965,43.312,0.595,45780,39,2017-12-22 19:00:00,20,100,0,90,1
25.952,1.704,2392.0,0.001,9.556,167.19,0.687,0,0.0,8.961,8.888,70.516,48.066,53.047,49.965,43.332,0.594,45840,39,2017-12-22 20:00:00,20,100,0,90,1
26.033,1.703,2376.2,0.003,9.538,167.15,0.711,0,0.0,8.906,8.834,70.558,47.961,52.957,49.887,43.262,0.627,45900,39,2017-12-22 21:00:00,20,100,0,90,1
26.433,1.737,2371.6,0.003,9.546,167.23,0.656,0,0.0,8.943,8.873,70.558,47.879,52.965,49.965,43.168,0.604,45960,39,2017-12-22 22:00:00,20,100,0,90,1
26.366,1.732,2355.6,0.001,9.533,167.23,0.625,0,0.0,8.936,8.873,70.479,47.891,52.937,49.871,43.176,0.615,46020,39,2017-12-22 23:00:00,20,100,0,90,1
26.383,1.728,2331.8,0.001,9.559,167.16,1.523,0,0.0,8.93,8.862,70.619,47.891,52.883,49.785,43.082,0.617,46080,39,2017-12-23 00:00:00,20,100,0,90,1
26.209,1.707,2389.2,0.0,9.541,167.53,0.602,0,0.0,8.921,8.84,70.674,47.801,52.812,49.703,43.074,0.617,46140,39,2017-12-23 01:00:00,20,100,0,90,1
26.163,1.708,2376.0,0.001,9.579,167.43,0.547,0,0.0,8.926,8.852,70.563,47.746,52.758,49.711,43.086,0.597,46200,39,2017-12-23 02:00:00,20,100,0,90,1
26.198,1.709,2339.8,0.0,9.55,167.3,1.406,0,0.0,8.927,8.857,70.586,47.73,52.719,49.711,43.082,0.592,46260,39,2017-12-23 03:00:00,20,100,0,90,1
26.14,1.712,2394.8,0.001,9.562,167.52,1.203,0,0.0,8.941,8.861,70.612,47.699,52.684,49.625,43.02,0.586,46320,39,2017-12-23 04:00:00,20,100,0,90,1
26.474,1.74,2376.0,0.0,9.579,167.58,1.492,0,0.0,8.943,8.874,70.581,47.656,52.711,49.719,43.004,0.595,46380,39,2017-12-23 05:00:00,20,100,0,90,1
26.001,1.694,2327.8,0.004,9.587,167.39,1.508,0,0.0,8.948,8.884,70.711,47.684,52.684,49.531,42.996,0.598,46440,39,2017-12-23 06:00:00,20,100,0,90,1
26.244,1.715,2396.2,0.001,9.579,167.56,1.305,0,0.0,8.977,8.898,70.621,47.625,52.656,49.555,42.93,0.614,46500,39,2017-12-23 07:00:00,20,100,0,90,1
26.158,1.703,2359.6,0.006,9.577,167.45,0.719,0,0.0,8.943,8.872,70.405,47.625,52.609,49.488,42.914,0.595,46560,39,2017-12-23 08:00:00,20,100,0,90,1
26.054,1.694,2335.8,0.0,9.586,167.8,1.359,0,0.0,8.948,8.882,70.573,47.641,52.613,49.547,42.926,0.59,46620,39,2017-12-23 09:00:00,20,100,0,90,1
26.283,1.718,2395.8,0.003,9.597,167.39,0.687,0,0.0,8.979,8.916,70.595,47.551,52.582,49.48,42.836,0.593,46680,39,2017-12-23 10:00:00,20,100,0,90,1
26.252,1.721,2386.6,0.004,9.581,167.5,0.898,0,0.0,8.995,8.919,70.524,47.547,52.531,49.477,42.848,0.592,46740,39,2017-12-23 11:00:00,20,100,0,90,1
26.203,1.714,2339.8,0.001,9.592,167.54,0.742,0,0.0,8.99,8.929,70.489,47.48,52.516,49.441,42.832,0.59,46800,39,2017-12-23 12:00:00,20,100,0,90,1
26.242,1.717,2402.8,0.0,9.596,167.54,0.875,0,0.0,8.993,8.91,70.728,47.484,52.5,49.449,42.859,0.593,46860,39,2017-12-23 13:00:00,20,100,0,90,1
25.903,1.693,2347.8,0.005,9.579,167.54,0.68,0,0.0,8.95,8.869,70.536,47.492,52.441,49.371,42.836,0.604,46920,39,2017-12-23 14:00:00,20,100,0,90,1
25.975,1.691,2401.8,0.0,9.629,167.71,1.43,0,0.0,9.005,8.933,70.537,47.492,52.453,49.371,42.836,0.601,46980,39,2017-12-23 15:00:00,20,100,0,90,1
26.173,1.713,2337.8,0.0,9.624,167.73,0.766,0,0.0,8.953,8.879,70.516,47.469,52.434,49.367,42.746,0.609,47040,39,2017-12-23 16:00:00,20,100,0,90,1
25.883,1.693,2398.0,0.003,9.62,167.69,0.703,0,0.0,8.983,8.909,70.567,47.43,52.441,49.293,42.742,0.597,47100,39,2017-12-23 17:00:00,20,100,0,90,1
26.01,1.696,2347.8,0.003,9.644,167.64,1.484,0,0.0,8.988,8.937,70.547,47.48,52.426,49.285,42.754,0.59,47160,39,2017-12-23 18:00:00,20,100,0,90,1
26.158,1.709,2398.6,0.004,9.618,167.5,1.602,0,0.0,8.991,8.916,70.547,47.312,52.414,49.367,42.676,0.592,47220,39,2017-12-23 19:00:00,20,100,0,90,1
26.29,1.715,2376.2,0.004,9.617,167.53,1.07,0,0.0,8.995,8.917,70.565,47.305,52.414,49.289,42.66,0.61,47280,39,2017-12-23 20:00:00,20,100,0,90,1
26.243,1.717,2335.8,0.001,9.624,167.59,0.734,0,0.0,8.998,8.928,70.597,47.309,52.355,49.285,42.68,0.593,47340,39,2017-12-23 21:00:00,20,100,0,90,1
26.282,1.713,2404.4,0.0,9.597,167.69,0.766,0,0.0,8.991,8.927,70.742,47.309,52.273,49.277,42.664,0.599,47400,39,2017-12-23 22:00:00,20,100,0,90,1
26.302,1.714,2374.6,0.0,9.624,167.45,0.641,0,0.0,8.992,8.916,70.504,47.312,52.355,49.219,42.664,0.592,47460,39,2017-12-23 23:00:00,20,100,0,90,1
26.348,1.719,2349.8,0.005,9.619,167.72,0.789,0,0.0,8.953,8.887,70.578,47.312,52.332,49.293,42.645,0.597,47520,39,2017-12-24 00:00:00,20,100,0,90,1
26.002,1.685,2329.6,0.004,9.611,167.58,1.562,0,0.0,8.993,8.927,70.581,47.309,52.297,49.195,42.676,0.594,47580,39,2017-12-24 01:00:00,20,100,0,90,1
26.313,1.709,2345.6,0.003,9.59,167.47,1.367,0,0.0,8.958,8.878,70.642,47.312,52.312,49.191,42.594,0.602,47640,39,2017-12-24 02:00:00,20,100,0,90,1
26.326,1.711,2388.6,0.0,9.577,167.75,1.469,0,0.0,8.936,8.875,70.673,47.285,52.297,49.191,42.586,0.592,47700,39,2017-12-24 03:00:00,20,100,0,90,1
26.096,1.686,2397.4,0.0,9.587,167.65,0.742,0,0.0,8.99,8.913,70.554,47.293,52.273,49.109,42.594,0.596,47760,39,2017-12-24 04:00:00,20,100,0,90,1
26.156,1.689,2390.2,0.0,9.592,167.78,0.922,0,0.0,8.967,8.887,70.788,47.246,52.262,49.211,42.582,0.603,47820,39,2017-12-24 05:00:00,20,100,0,90,1
26.19,1.711,2377.4,0.004,9.554,167.83,0.742,0,0.0,8.946,8.87,70.577,47.23,52.25,49.191,42.598,0.615,47880,39,2017-12-24 06:00:00,20,100,0,90,1
26.1,1.692,2369.0,0.0,9.577,167.71,0.711,0,0.0,8.986,8.903,70.653,47.246,52.191,49.113,42.586,0.606,47940,39,2017-12-24 07:00:00,20,100,0,90,1
25.979,1.691,2355.4,0.0,9.586,167.72,1.539,0,0.0,8.993,8.917,70.639,47.227,52.219,49.125,42.605,0.618,48000,39,2017-12-24 08:00:00,20,100,0,90,1
25.96,1.689,2353.4,0.005,9.617,167.69,1.391,0,0.0,8.977,8.898,70.582,47.148,52.203,49.109,42.598,0.622,48060,39,2017-12-24 09:00:00,20,100,0,90,1
26.26,1.705,2345.4,0.0,9.597,167.84,0.703,0,0.0,8.981,8.913,70.721,47.215,52.187,49.109,42.508,0.615,48120,39,2017-12-24 10:00:00,20,100,0,90,1
26.225,1.714,2337.4,0.001,9.586,167.82,1.414,0,0.0,8.965,8.884,70.921,47.238,52.18,49.109,42.508,0.615,48180,39,2017-12-24 11:00:00,20,100,0,90,1
26.307,1.714,2333.4,0.003,9.582,167.67,0.734,0,0.0,8.974,8.897,70.931,47.219,52.191,49.02,42.516,0.635,48240,39,2017-12-24 12:00:00,20,100,0,90,1
26.106,1.698,2329.8,0.001,9.597,167.85,1.437,0,0.0,8.968,8.898,70.72,47.148,52.176,49.098,42.516,0.598,48300,39,2017-12-24 13:00:00,20,100,0,90,1
25.992,1.691,2388.6,0.0,9.601,167.78,1.508,0,0.0,8.997,8.918,70.938,47.133,52.168,49.035,42.516,0.6,48360,39,2017-12-24 14:00:00,20,100,0,90,1
26.157,1.693,2391.0,0.005,9.579,167.54,0.641,0,0.0,8.983,8.91,70.632,47.137,52.18,49.07,42.508,0.608,48420,39,2017-12-24 15:00:00,20,100,0,90,1
26.337,1.71,2405.6,0.001,9.599,167.71,1.461,0,0.0,9.0,8.927,70.679,47.137,52.187,49.043,42.516,0.602,48480,39,2017-12-24 16:00:00,20,100,0,90,1
26.157,1.698,2388.4,0.001,9.606,167.62,0.664,0,0.0,9.002,8.922,70.642,47.215,52.187,49.07,42.504,0.599,48540,39,2017-12-24 17:00:00,20,100,0,90,1
26.13,1.696,2373.2,0.003,9.63,167.81,1.508,0,0.0,8.967,8.882,70.498,47.23,52.195,49.059,42.508,0.595,48600,39,2017-12-24 18:00:00,20,100,0,90,1
25.969,1.693,2346.4,0.001,9.603,167.88,0.812,0,0.0,9.003,8.936,70.442,47.16,52.195,49.07,42.516,0.582,48660,39,2017-12-24 19:00:00,20,100,0,90,1
25.969,1.686,2333.4,0.0,9.577,167.83,1.484,0,0.0,8.955,8.877,70.621,47.137,52.098,49.043,42.492,0.589,48720,39,2017-12-24 20:00:00,20,100,0,90,1
25.915,1.687,2331.4,0.001,9.587,167.69,1.539,0,0.0,8.997,8.922,70.427,47.152,52.18,49.035,42.527,0.589,48780,39,2017-12-24 21:00:00,20,100,0,90,1
26.03,1.691,2348.4,0.003,9.604,167.86,1.492,0,0.0,9.014,8.941,70.396,47.152,52.156,49.062,42.52,0.621,48840,39,2017-12-24 22:00:00,20,100,0,90,1
25.995,1.688,2406.2,0.0,9.576,167.63,1.492,0,0.0,8.98,8.894,70.375,47.145,52.187,49.043,42.531,0.595,48900,39,2017-12-24 23:00:00,20,100,0,90,1
26.008,1.695,2406.2,0.003,9.613,168.01,0.812,0,0.0,8.997,8.925,70.518,47.148,52.156,49.02,42.52,0.596,48960,39,2017-12-25 00:00:00,20,100,0,90,1
25.945,1.685,2392.2,0.003,9.609,167.85,1.508,0,0.0,9.002,8.925,70.478,47.137,52.187,49.031,42.527,0.6,49020,39,2017-12-25 01:00:00,20,100,0,90,1
26.249,1.713,2386.2,0.003,9.592,167.86,1.586,0,0.0,8.975,8.899,70.452,47.145,52.137,49.027,42.453,0.596,49080,39,2017-12-25 02:00:00,20,100,0,90,1
25.811,1.685,2374.8,0.0,9.597,167.88,1.281,0,0.0,9.02,8.951,70.585,47.152,52.156,49.031,42.52,0.604,49140,39,2017-12-25 03:00:00,20,100,0,90,1
25.845,1.682,2363.4,0.006,9.589,167.96,1.602,0,0.0,8.967,8.884,70.632,47.078,52.102,49.031,42.516,0.595,49200,39,2017-12-25 04:00:00,20,100,0,90,1
26.233,1.708,2353.4,0.001,9.597,167.94,1.547,0,0.0,8.991,8.913,70.613,47.066,52.113,49.043,42.437,0.605,49260,39,2017-12-25 05:00:00,20,100,0,90,1
26.008,1.687,2377.6,0.006,9.581,167.73,1.484,0,0.0,8.961,8.889,70.494,47.047,52.082,49.027,42.52,0.6,49320,39,2017-12-25 06:00:00,20,100,0,90,1
25.865,1.682,2400.4,0.003,9.617,167.8,1.023,0,0.0,8.988,8.917,70.382,47.055,52.082,49.008,42.539,0.586,49380,39,2017-12-25 07:00:00,20,100,0,90,1
25.668,1.669,2329.4,0.003,9.601,167.71,0.859,0,0.0,8.958,8.889,70.506,47.098,52.086,48.949,42.508,0.585,49440,39,2017-12-25 08:00:00,20,100,0,90,1
25.879,1.679,2370.8,0.0,9.586,167.81,0.742,0,0.0,8.943,8.875,70.624,47.059,52.094,48.941,42.453,0.595,49500,39,2017-12-25 09:00:00,20,100,0,90,1
26.226,1.698,2397.8,0.001,9.589,167.69,1.078,0,0.0,8.988,8.908,70.756,47.004,52.086,49.031,42.453,0.603,49560,39,2017-12-25 10:00:00,20,100,0,90,1
25.942,1.684,2344.6,0.006,9.596,167.71,0.789,0,0.0,8.99,8.915,70.723,47.039,52.07,48.934,42.426,0.591,49620,39,2017-12-25 11:00:00,20,100,0,90,1
25.842,1.689,2329.4,0.0,9.588,167.82,0.711,0,0.0,8.991,8.92,70.601,47.016,52.02,48.969,42.437,0.586,49680,39,2017-12-25 12:00:00,20,100,0,90,1
25.783,1.659,2335.4,0.006,9.592,167.75,0.82,0,0.0,8.962,8.896,70.701,47.0,52.016,48.883,42.422,0.606,49740,39,2017-12-25 13:00:00,20,100,0,90,1
25.568,1.658,2347.4,0.0,9.608,167.82,0.758,0,0.0,8.995,8.924,70.648,46.992,52.012,48.898,42.441,0.606,49800,39,2017-12-25 14:00:00,20,100,0,90,1
25.877,1.682,2353.2,0.0,9.602,167.88,0.781,0,0.0,8.972,8.908,70.85,47.039,52.0,48.941,42.437,0.592,49860,39,2017-12-25 15:00:00,20,100,0,90,1
25.931,1.69,2368.8,0.003,9.596,167.91,0.82,0,0.0,8.961,8.901,70.649,47.004,52.012,48.953,42.437,0.609,49920,39,2017-12-25 16:00:00,20,100,0,90,1
26.284,1.705,2361.0,0.003,9.634,167.91,0.82,0,0.0,8.99,8.91,70.778,47.004,52.012,48.949,42.355,0.59,49980,39,2017-12-25 17:00:00,20,100,0,90,1
26.231,1.705,2353.2,0.0,9.62,167.86,0.703,0,0.0,9.002,8.927,70.783,47.0,52.027,48.949,42.367,0.603,50040,39,2017-12-25 18:00:00,20,100,0,90,1
26.273,1.707,2349.4,0.0,9.608,167.94,0.711,0,0.0,8.995,8.919,70.556,46.988,51.973,48.949,42.453,0.602,50100,39,2017-12-25 19:00:00,20,100,0,90,1
25.93,1.692,2337.6,0.001,9.606,168.05,0.734,0,0.0,8.964,8.894,70.722,47.02,51.992,48.883,42.348,0.605,50160,39,2017-12-25 20:00:00,20,100,0,90,1
26.354,1.714,2329.4,0.005,9.586,167.84,0.719,0,0.0,8.978,8.913,70.633,46.988,51.984,48.961,42.355,0.605,50220,39,2017-12-25 21:00:00,20,100,0,90,1
25.973,1.685,2404.0,0.0,9.599,167.84,1.523,0,0.0,9.022,8.955,70.539,46.98,52.016,48.895,42.336,0.604,50280,39,2017-12-25 22:00:00,20,100,0,90,1
25.827,1.69,2399.6,0.001,9.624,168.04,0.875,0,0.0,9.003,8.941,70.688,47.012,52.0,48.82,42.355,0.59,50340,39,2017-12-25 23:00:00,20,100,0,90,1
26.381,1.712,2391.6,0.004,9.61,167.83,1.523,0,0.0,8.982,8.91,70.59,47.031,52.031,48.879,42.281,0.602,50400,39,2017-12-26 00:00:00,20,100,0,90,1
26.3,1.706,2365.2,0.007,9.629,167.71,0.687,0,0.0,9.028,8.944,70.724,47.004,52.012,48.871,42.348,0.591,50460,39,2017-12-26 01:00:00,20,100,0,90,1
26.168,1.705,2347.4,0.0,9.635,167.88,0.812,0,0.0,9.009,8.936,70.62,47.004,51.961,48.949,42.355,0.597,50520,39,2017-12-26 02:00:00,20,100,0,90,1
26.136,1.7,2341.4,0.0,9.592,167.96,0.734,0,0.0,8.979,8.901,70.631,46.965,51.937,48.859,42.344,0.599,50580,39,2017-12-26 03:00:00,20,100,0,90,1
25.954,1.684,2335.8,0.001,9.594,167.78,0.781,0,0.0,9.003,8.935,70.68,46.977,51.906,48.871,42.348,0.607,50640,39,2017-12-26 04:00:00,20,100,0,90,1
25.919,1.681,2399.6,0.003,9.619,167.94,0.781,0,0.0,9.021,8.939,70.75,46.973,51.93,48.867,42.344,0.612,50700,39,2017-12-26 05:00:00,20,100,0,90,1
26.008,1.686,2401.6,0.001,9.618,167.98,1.328,0,0.0,8.979,8.892,70.573,46.867,51.922,48.848,42.359,0.604,50760,39,2017-12-26 06:00:00,20,100,0,90,1
25.955,1.687,2387.8,0.0,9.601,167.98,1.461,0,0.0,9.024,8.941,70.576,46.895,51.922,48.859,42.344,0.617,50820,39,2017-12-26 07:00:00,20,100,0,90,1
26.382,1.714,2375.0,0.0,9.619,168.04,0.859,0,0.0,8.986,8.909,70.73,46.973,51.934,48.871,42.27,0.61,50880,39,2017-12-26 08:00:00,20,100,0,90,1
26.347,1.709,2357.4,0.0,9.604,167.85,0.781,0,0.0,9.005,8.941,70.638,46.906,51.906,48.871,42.336,0.601,50940,39,2017-12-26 09:00:00,20,100,0,90,1
26.101,1.699,2345.4,0.0,9.616,167.93,0.82,0,0.0,9.0,8.925,70.541,46.887,51.906,48.801,42.277,0.628,51000,39,2017-12-26 10:00:00,20,100,0,90,1
26.25,1.714,2335.4,0.003,9.587,167.89,0.797,0,0.0,8.987,8.906,70.526,46.898,51.891,48.855,42.281,0.612,51060,39,2017-12-26 11:00:00,20,100,0,90,1
26.347,1.711,2331.4,0.003,9.593,167.91,0.734,0,0.0,9.014,8.943,70.578,46.895,51.895,48.867,42.262,0.596,51120,39,2017-12-26 12:00:00,20,100,0,90,1
26.086,1.687,2331.6,0.003,9.601,167.97,0.703,0,0.0,9.023,8.951,70.516,46.895,51.844,48.867,42.262,0.614,51180,39,2017-12-26 13:00:00,20,100,0,90,1
26.132,1.695,2333.4,0.001,9.617,167.91,0.719,0,0.0,9.032,8.951,70.753,46.887,51.855,48.859,42.266,0.595,51240,39,2017-12-26 14:00:00,20,100,0,90,1
26.382,1.723,2333.4,0.003,9.628,167.85,0.82,0,0.0,9.019,8.947,70.711,46.887,51.84,48.859,42.262,0.599,51300,39,2017-12-26 15:00:00,20,100,0,90,1
26.117,1.693,2333.4,0.001,9.617,167.98,0.844,0,0.0,9.009,8.93,70.591,46.789,51.812,48.867,42.266,0.599,51360,39,2017-12-26 16:00:00,20,100,0,90,1
26.109,1.699,2346.6,0.0,9.627,168.06,0.82,0,0.0,9.0,8.919,70.599,46.906,51.824,48.773,42.254,0.611,51420,39,2017-12-26 17:00:00,20,100,0,90,1
26.005,1.698,2343.6,0.0,9.599,167.93,1.211,0,0.0,9.01,8.934,70.816,46.801,51.836,48.785,42.25,0.599,51480,39,2017-12-26 18:00:00,20,100,0,90,1
26.199,1.694,2365.6,0.007,9.624,168.02,1.195,0,0.0,8.991,8.919,70.551,46.793,51.781,48.773,42.266,0.608,51540,39,2017-12-26 19:00:00,20,100,0,90,1
26.105,1.701,2392.4,0.004,9.591,168.01,1.547,0,0.0,8.973,8.894,70.613,46.898,51.789,48.785,42.242,0.602,51600,39,2017-12-26 20:00:00,20,100,0,90,1
26.156,1.693,2406.2,0.003,9.633,167.88,1.094,0,0.0,9.021,8.936,70.694,46.816,51.73,48.793,42.242,0.605,51660,39,2017-12-26 21:00:00,20,100,0,90,1
25.982,1.689,2398.0,0.003,9.632,168.01,1.203,0,0.0,9.009,8.933,70.521,46.887,51.754,48.762,42.215,0.596,51720,39,2017-12-26 22:00:00,20,100,0,90,1
26.282,1.708,2384.2,0.0,9.597,168.12,0.719,0,0.0,8.992,8.922,70.552,46.801,51.754,48.773,42.187,0.614,51780,39,2017-12-26 23:00:00,20,100,0,90,1
26.301,1.707,2361.4,0.0,9.648,167.99,0.766,0,0.0,9.029,8.958,70.42,46.801,51.734,48.785,42.262,0.609,51840,39,2017-12-27 00:00:00,20,100,0,90,1
26.568,1.724,2349.8,0.0,9.596,167.95,0.82,0,0.0,8.993,8.92,70.569,46.781,51.734,48.805,42.176,0.593,51900,39,2017-12-27 01:00:00,20,100,0,90,1
26.51,1.726,2329.6,0.003,9.579,167.96,0.867,0,0.0,9.014,8.943,70.635,46.801,51.715,48.867,42.187,0.587,51960,39,2017-12-27 02:00:00,20,100,0,90,1
25.955,1.681,2369.6,0.003,9.614,167.93,0.711,0,0.0,9.035,8.95,70.526,46.789,51.715,48.695,42.27,0.604,52020,39,2017-12-27 03:00:00,20,100,0,90,1
26.325,1.712,2405.2,0.004,9.612,167.94,0.836,0,0.0,9.015,8.947,70.598,46.789,51.707,48.801,42.199,0.588,52080,39,2017-12-27 04:00:00,20,100,0,90,1
26.071,1.689,2411.8,0.0,9.577,167.96,0.82,0,0.0,8.981,8.903,70.479,46.812,51.719,48.707,42.184,0.613,52140,39,2017-12-27 05:00:00,20,100,0,90,1
26.122,1.684,2397.8,0.0,9.61,167.83,0.891,0,0.0,9.047,8.968,70.361,46.805,51.691,48.695,42.187,0.592,52200,39,2017-12-27 06:00:00,20,100,0,90,1
26.48,1.712,2375.4,0.003,9.591,168.1,1.172,0,0.0,8.983,8.915,70.42,46.812,51.664,48.789,42.195,0.585,52260,39,2017-12-27 07:00:00,20,100,0,90,1
26.025,1.688,2349.8,0.001,9.608,167.91,0.891,0,0.0,9.007,8.929,70.523,46.793,51.66,48.695,42.187,0.593,52320,39,2017-12-27 08:00:00,20,100,0,90,1
26.396,1.713,2399.0,0.0,9.614,167.99,1.0,0,0.0,9.043,8.967,70.447,46.793,51.66,48.699,42.105,0.846,52380,39,2017-12-27 09:00:00,20,100,0,90,1
26.133,1.695,2401.6,0.0,9.596,168.25,1.508,0,0.0,9.007,8.934,70.481,46.793,51.676,48.641,42.098,0.621,52440,39,2017-12-27 10:00:00,20,100,0,90,1
25.948,1.68,2363.8,0.0,9.621,168.01,1.234,0,0.0,9.0,8.927,70.448,46.812,51.652,48.664,42.172,0.623,52500,39,2017-12-27 11:00:00,20,100,0,90,1
26.064,1.679,2337.8,0.0,9.653,168.15,1.484,0,0.0,9.038,8.957,70.728,46.789,51.664,48.699,42.172,0.612,52560,39,2017-12-27 12:00:00,20,100,0,90,1
26.129,1.686,2409.6,0.001,9.621,168.02,0.82,0,0.0,9.005,8.921,70.291,46.801,51.648,48.699,42.176,0.624,52620,39,2017-12-27 13:00:00,20,100,0,90,1
26.118,1.697,2392.8,0.003,9.651,168.12,0.742,0,0.0,9.043,8.967,70.485,46.805,51.66,48.637,42.195,0.632,52680,39,2017-12-27 14:00:00,20,100,0,90,1
26.493,1.713,2355.8,0.005,9.599,168.01,0.898,0,0.0,8.998,8.913,70.553,46.805,51.652,48.711,42.078,0.618,52740,39,2017-12-27 15:00:00,20,100,0,90,1
26.558,1.726,2371.0,0.001,9.619,167.97,1.414,0,0.0,9.034,8.963,70.579,46.805,51.645,48.785,42.105,0.598,52800,39,2017-12-27 16:00:00,20,100,0,90,1
26.389,1.689,2393.4,0.0,9.609,167.98,1.547,0,0.0,9.021,8.95,70.541,46.801,51.652,48.777,42.176,0.59,52860,39,2017-12-27 17:00:00,20,100,0,90,1
26.215,1.677,2337.4,0.001,9.584,168.05,1.516,0,0.0,8.955,8.877,70.354,46.801,51.645,48.695,42.184,0.58,52920,39,2017-12-27 18:00:00,20,100,0,90,1
26.328,1.688,2385.8,0.003,9.581,167.77,1.562,0,0.0,8.993,8.917,70.385,46.789,51.66,48.641,42.09,0.572,52980,39,2017-12-27 19:00:00,20,100,0,90,1
26.284,1.688,2375.4,0.004,9.62,167.98,1.367,0,0.0,9.005,8.932,70.591,46.812,51.664,48.707,42.098,0.586,53040,39,2017-12-27 20:00:00,20,100,0,90,1
26.215,1.683,2363.2,0.001,9.572,167.94,0.711,0,0.0,8.98,8.901,70.593,46.816,51.637,48.629,42.105,0.6,53100,39,2017-12-27 21:00:00,20,100,0,90,1
26.333,1.711,2405.0,0.0,9.602,167.91,0.781,0,0.0,8.968,8.884,70.576,46.816,51.645,48.699,42.094,0.614,53160,39,2017-12-27 22:00:00,20,100,0,90,1
26.272,1.704,2350.6,0.0,9.589,168.01,1.461,0,0.0,8.966,8.894,70.654,46.723,51.648,48.691,42.094,0.61,53220,39,2017-12-27 23:00:00,20,100,0,90,1
26.294,1.711,2353.4,0.0,9.579,167.94,1.539,0,0.0,8.974,8.897,70.521,46.727,51.637,48.707,42.105,0.618,53280,39,2017-12-28 00:00:00,20,100,0,90,1
26.087,1.694,2369.0,0.001,9.583,168.09,1.539,0,0.0,9.013,8.936,70.613,46.812,51.672,48.699,42.105,0.604,53340,39,2017-12-28 01:00:00,20,100,0,90,1
26.653,1.727,2396.0,0.0,9.615,168.01,1.18,0,0.0,9.0,8.934,70.535,46.719,51.625,48.691,42.012,0.602,53400,39,2017-12-28 02:00:00,20,100,0,90,1
26.306,1.708,2402.4,0.001,9.595,168.2,1.508,0,0.0,8.984,8.904,70.632,46.707,51.586,48.684,42.105,0.604,53460,39,2017-12-28 03:00:00,20,100,0,90,1
26.41,1.717,2388.6,0.001,9.61,168.2,1.617,0,0.0,9.036,8.953,70.692,46.711,51.578,48.695,42.023,0.598,53520,39,2017-12-28 04:00:00,20,100,0,90,1
26.363,1.718,2385.6,0.003,9.621,168.17,0.703,0,0.0,8.979,8.906,70.66,46.707,51.609,48.699,42.027,0.614,53580,39,2017-12-28 05:00:00,20,100,0,90,1
26.468,1.712,2368.4,0.0,9.626,168.08,1.625,0,0.0,9.025,8.951,70.476,46.727,51.586,48.645,42.016,0.595,53640,39,2017-12-28 06:00:00,20,100,0,90,1
26.381,1.711,2386.4,0.0,9.606,167.94,1.57,0,0.0,9.021,8.957,70.533,46.781,51.617,48.629,42.016,0.593,53700,39,2017-12-28 07:00:00,20,100,0,90,1
26.437,1.713,2387.6,0.0,9.587,167.98,1.602,0,0.0,8.988,8.911,70.596,46.812,51.652,48.637,42.023,0.594,53760,39,2017-12-28 08:00:00,20,100,0,90,1
26.427,1.714,2349.4,0.001,9.624,168.06,1.57,0,0.0,9.016,8.941,70.758,46.723,51.594,48.617,42.012,0.612,53820,39,2017-12-28 09:00:00,20,100,0,90,1
26.404,1.713,2367.6,0.003,9.589,167.94,1.289,0,0.0,9.033,8.95,70.573,46.629,51.594,48.617,42.027,0.608,53880,39,2017-12-28 10:00:00,20,100,0,90,1
26.439,1.719,2362.4,0.009,9.601,167.91,1.562,0,0.0,9.005,8.936,70.585,46.719,51.559,48.617,42.004,0.609,53940,39,2017-12-28 11:00:00,20,100,0,90,1
26.252,1.714,2368.6,0.001,9.624,168.08,1.289,0,0.0,9.017,8.935,70.483,46.711,51.578,48.617,42.023,0.608,54000,39,2017-12-28 12:00:00,20,100,0,90,1
26.38,1.71,2367.6,0.003,9.604,167.99,0.812,0,0.0,8.981,8.891,70.844,46.707,51.57,48.613,42.012,0.612,54060,39,2017-12-28 13:00:00,20,100,0,90,1
26.342,1.707,2365.6,0.0,9.608,167.96,0.875,0,0.0,8.988,8.908,70.774,46.629,51.555,48.613,42.016,0.631,54120,39,2017-12-28 14:00:00,20,100,0,90,1
26.258,1.691,2382.6,0.003,9.594,168.04,1.664,0,0.0,8.988,8.906,70.855,46.641,51.555,48.637,42.105,0.62,54180,39,2017-12-28 15:00:00,20,100,0,90,1
26.34,1.693,2362.6,0.007,9.633,168.08,0.789,0,0.0,8.962,8.887,70.785,46.711,51.566,48.629,42.105,0.613,54240,39,2017-12-28 16:00:00,20,100,0,90,1
26.589,1.703,2378.4,0.0,9.611,168.01,1.602,0,0.0,8.998,8.913,70.673,46.707,51.566,48.609,42.016,0.623,54300,39,2017-12-28 17:00:00,20,100,0,90,1
26.772,1.714,2392.6,0.0,9.601,167.98,1.312,0,0.0,9.017,8.935,71.008,46.746,51.57,48.629,42.012,0.6,54360,39,2017-12-28 18:00:00,20,100,0,90,1
26.639,1.722,2397.2,0.001,9.613,168.23,1.547,0,0.0,9.04,8.965,70.935,46.719,51.559,48.641,42.027,0.61,54420,39,2017-12-28 19:00:00,20,100,0,90,1
26.684,1.712,2400.4,0.0,9.619,168.16,1.625,0,0.0,8.998,8.922,70.749,46.711,51.57,48.625,42.016,0.613,54480,39,2017-12-28 20:00:00,20,100,0,90,1
26.533,1.715,2381.6,0.0,9.604,168.26,1.594,0,0.0,9.015,8.941,70.731,46.719,51.578,48.641,42.004,0.648,54540,39,2017-12-28 21:00:00,20,100,0,90,1
26.365,1.704,2353.4,0.003,9.609,168.13,1.547,0,0.0,9.005,8.923,70.702,46.707,51.582,48.602,42.027,0.61,54600,39,2017-12-28 22:00:00,20,100,0,90,1
26.365,1.705,2351.4,0.0,9.628,168.09,1.625,0,0.0,8.971,8.892,70.791,46.723,51.578,48.617,42.016,0.609,54660,39,2017-12-28 23:00:00,20,100,0,90,1
26.209,1.705,2353.4,0.001,9.62,168.07,0.781,0,0.0,8.969,8.899,71.052,46.641,51.566,48.617,42.027,0.637,54720,39,2017-12-29 00:00:00,20,100,0,90,1
26.392,1.709,2355.4,0.001,9.63,167.88,0.914,0,0.0,8.973,8.898,70.729,46.633,51.543,48.613,42.016,0.629,54780,39,2017-12-29 01:00:00,20,100,0,90,1
26.358,1.707,2357.4,0.0,9.609,168.02,1.664,0,0.0,9.014,8.934,71.033,46.629,51.496,48.613,42.004,0.616,54840,39,2017-12-29 02:00:00,20,100,0,90,1
26.196,1.694,2353.4,0.003,9.657,168.02,0.992,0,0.0,9.025,8.953,70.769,46.711,51.551,48.535,42.012,0.62,54900,39,2017-12-29 03:00:00,20,100,0,90,1
26.541,1.712,2355.4,0.0,9.606,167.98,1.516,0,0.0,8.967,8.887,70.809,46.617,51.523,48.613,42.016,0.616,54960,39,2017-12-29 04:00:00,20,100,0,90,1
26.427,1.713,2351.4,0.001,9.618,168.08,0.781,0,0.0,9.045,8.963,70.689,46.633,51.488,48.625,42.027,0.625,55020,39,2017-12-29 05:00:00,20,100,0,90,1
26.26,1.706,2343.4,0.003,9.619,168.09,1.547,0,0.0,8.983,8.906,70.673,46.613,51.531,48.613,42.023,0.635,55080,39,2017-12-29 06:00:00,20,100,0,90,1
26.076,1.689,2335.4,0.001,9.601,168.12,0.781,0,0.0,9.017,8.934,70.888,46.641,51.512,48.547,42.012,0.652,55140,39,2017-12-29 07:00:00,20,100,0,90,1
26.076,1.684,2333.4,0.001,9.591,168.16,0.742,0,0.0,9.022,8.947,70.921,46.66,51.559,48.547,42.031,0.636,55200,39,2017-12-29 08:00:00,20,100,0,90,1
25.979,1.697,2347.8,0.003,9.629,168.13,1.305,0,0.0,9.035,8.955,70.85,46.621,51.504,48.543,42.016,0.636,55260,39,2017-12-29 09:00:00,20,100,0,90,1
26.195,1.706,2401.2,0.001,9.615,168.12,0.703,0,0.0,8.983,8.915,70.62,46.59,51.5,48.613,42.031,0.627,55320,39,2017-12-29 10:00:00,20,100,0,90,1
26.146,1.689,2395.0,0.004,9.614,168.18,1.492,0,0.0,9.035,8.96,70.65,46.578,51.441,48.547,42.023,0.632,55380,39,2017-12-29 11:00:00,20,100,0,90,1
26.358,1.714,2371.2,0.001,9.614,168.16,0.836,0,0.0,9.03,8.96,70.646,46.574,51.457,48.598,42.016,0.634,55440,39,2017-12-29 12:00:00,20,100,0,90,1
26.623,1.728,2347.8,0.003,9.608,168.04,0.711,0,0.0,8.99,8.911,70.831,46.594,51.441,48.617,41.937,0.628,55500,39,2017-12-29 13:00:00,20,100,0,90,1
26.423,1.71,2331.4,0.003,9.609,168.09,1.437,0,0.0,9.029,8.95,70.747,46.586,51.402,48.543,41.937,0.634,55560,39,2017-12-29 14:00:00,20,100,0,90,1
26.011,1.691,2323.4,0.003,9.646,168.26,0.836,0,0.0,9.024,8.946,70.854,46.594,51.402,48.531,42.0,0.644,55620,39,2017-12-29 15:00:00,20,100,0,90,1
26.327,1.69,2382.8,0.003,9.622,168.08,0.797,0,0.0,9.009,8.939,70.989,46.566,51.418,48.531,41.992,0.642,55680,39,2017-12-29 16:00:00,20,100,0,90,1
26.22,1.691,2394.2,0.003,9.621,168.27,1.148,0,0.0,9.002,8.928,71.008,46.621,51.414,48.523,42.004,0.634,55740,39,2017-12-29 17:00:00,20,100,0,90,1
26.593,1.707,2396.2,0.001,9.612,168.23,0.719,0,0.0,8.986,8.91,70.871,46.641,51.43,48.602,41.988,0.639,55800,39,2017-12-29 18:00:00,20,100,0,90,1
26.487,1.706,2374.8,0.0,9.612,168.09,1.641,0,0.0,9.035,8.955,70.697,46.641,51.418,48.535,41.957,0.626,55860,39,2017-12-29 19:00:00,20,100,0,90,1
26.255,1.688,2345.4,0.003,9.581,168.13,0.836,0,0.0,8.987,8.903,70.704,46.578,51.391,48.535,42.016,0.624,55920,39,2017-12-29 20:00:00,20,100,0,130,1
26.276,1.683,2338.0,0.0,9.637,165.38,1.648,0,0.0,9.035,8.957,70.672,46.594,51.395,48.43,41.945,0.634,55980,39,2017-12-29 21:00:00,20,100,0,130,1
26.722,1.713,2382.2,0.0,9.604,165.16,0.836,0,0.0,9.037,8.957,70.627,46.562,51.414,48.543,41.937,0.632,56040,39,2017-12-29 22:00:00,20,100,0,130,1
26.338,1.69,2399.0,0.0,9.602,165.08,1.523,0,0.0,8.997,8.915,70.766,46.578,51.402,48.441,41.945,0.615,56100,39,2017-12-29 23:00:00,20,100,0,130,1
26.347,1.684,2384.2,0.0,9.629,164.92,1.648,0,0.0,9.0,8.929,70.813,46.59,51.406,48.469,41.945,0.628,56160,39,2017-12-30 00:00:00,20,100,0,130,1
26.662,1.711,2372.8,0.003,9.624,165.01,1.539,0,0.0,9.042,8.965,70.744,46.566,51.375,48.531,41.945,0.627,56220,39,2017-12-30 01:00:00,20,100,0,130,1
26.311,1.689,2357.0,0.003,9.616,165.16,1.594,0,0.0,8.983,8.898,70.571,46.629,51.379,48.441,41.957,0.622,56280,39,2017-12-30 02:00:00,20,100,0,130,1
26.531,1.708,2355.2,0.0,9.619,164.95,0.922,0,0.0,9.015,8.939,70.784,46.555,51.391,48.441,41.871,0.649,56340,39,2017-12-30 03:00:00,20,100,0,130,1
26.429,1.709,2357.2,0.0,9.626,165.02,1.625,0,0.0,9.052,8.967,70.687,46.551,51.391,48.461,41.855,0.624,56400,39,2017-12-30 04:00:00,20,100,0,130,1
26.359,1.709,2362.6,0.001,9.606,164.87,0.937,0,0.0,8.995,8.915,70.671,46.551,51.367,48.461,41.855,0.619,56460,39,2017-12-30 05:00:00,20,100,0,130,1
26.425,1.711,2383.2,0.0,9.615,164.79,1.211,0,0.0,8.982,8.906,66.609,46.457,51.312,48.461,41.859,0.614,56520,39,2017-12-30 06:00:00,20,100,2,130,1
26.715,1.71,2380.6,0.001,9.631,163.34,0.898,0,0.0,9.017,8.932,66.374,46.363,51.203,48.367,41.789,0.628,56580,39,2017-12-30 07:00:00,20,73,2,130,0
26.603,1.694,2361.4,0.003,9.639,163.24,1.719,0,0.0,9.01,8.937,66.317,46.363,51.172,48.281,41.754,0.628,56640,39,2017-12-30 08:00:00,20,73,2,130,0
26.551,1.674,2373.2,0.0,9.629,163.44,1.07,0,0.0,9.025,8.943,66.457,46.297,51.129,48.223,41.789,0.626,56700,39,2017-12-30 09:00:00,20,73,2,130,0
26.537,1.687,2393.6,0.003,9.644,163.36,1.602,0,0.0,9.015,8.935,66.392,46.297,51.078,48.227,41.766,0.633,56760,39,2017-12-30 10:00:00,20,73,2,130,0
26.45,1.675,2405.0,0.007,9.637,163.39,1.078,0,0.0,9.016,8.945,66.469,46.215,51.055,48.223,41.789,0.638,56820,39,2017-12-30 11:00:00,20,73,2,130,0
26.611,1.687,2408.2,0.0,9.63,163.41,1.547,0,0.0,9.024,8.941,66.434,46.207,50.926,48.238,41.766,0.629,56880,39,2017-12-30 12:00:00,20,73,2,130,0
26.676,1.688,2343.6,0.001,9.626,163.48,0.937,0,0.0,9.036,8.96,66.288,46.215,50.984,48.191,41.687,0.62,56940,39,2017-12-30 13:00:00,20,73,2,130,0
26.571,1.69,2353.6,0.0,9.628,163.54,0.977,0,0.0,9.043,8.972,66.426,46.195,50.996,48.199,41.605,0.638,57000,39,2017-12-30 14:00:00,20,73,2,130,0
26.729,1.692,2367.4,0.005,9.632,163.52,1.539,0,0.0,9.059,8.982,66.63,46.203,50.941,48.184,41.687,0.638,57060,39,2017-12-30 15:00:00,20,73,2,130,0
26.828,1.711,2387.8,0.003,9.604,163.57,1.758,0,0.0,9.047,8.963,66.434,46.219,50.934,48.199,41.602,0.631,57120,39,2017-12-30 16:00:00,20,73,2,130,0
26.396,1.697,2403.0,0.003,9.637,163.42,1.719,0,0.0,9.012,8.937,66.7,46.203,50.953,48.211,41.68,0.632,57180,39,2017-12-30 17:00:00,20,80,2,130,0
26.604,1.717,2406.8,0.0,9.628,163.46,1.625,0,0.0,9.043,8.969,66.463,46.152,50.926,48.199,41.602,0.637,57240,39,2017-12-30 18:00:00,20,80,2,130,0
26.302,1.699,2412.2,0.003,9.631,163.33,1.648,0,0.0,9.047,8.965,66.365,46.141,50.918,48.117,41.59,0.634,57300,39,2017-12-30 19:00:00,20,80,2,130,0
25.919,1.668,2411.2,0.003,9.646,163.38,1.461,0,0.0,9.057,8.986,66.224,46.137,50.914,48.117,41.602,0.643,57360,39,2017-12-30 20:00:00,20,80,2,130,0
26.357,1.696,2396.6,0.0,9.639,163.41,0.898,0,0.0,9.064,8.984,66.416,46.137,50.902,48.105,41.602,0.627,57420,39,2017-12-30 21:00:00,20,80,2,130,0
26.404,1.699,2380.6,0.001,9.644,163.33,0.891,0,0.0,9.055,8.986,66.464,46.137,50.902,48.102,41.605,0.635,57480,39,2017-12-30 22:00:00,20,80,2,130,0
26.576,1.693,2376.6,0.003,9.627,163.41,0.914,0,0.0,9.023,8.943,66.565,46.125,50.906,48.129,41.602,0.631,57540,39,2017-12-30 23:00:00,20,80,2,130,0
26.673,1.693,2343.6,0.004,9.629,163.44,0.867,0,0.0,9.013,8.939,66.446,46.148,50.902,48.129,41.605,0.627,57600,39,2017-12-31 00:00:00,20,80,2,130,0
26.862,1.694,2345.6,0.008,9.636,163.37,1.625,0,0.0,9.023,8.948,66.376,46.164,50.891,48.105,41.59,0.636,57660,39,2017-12-31 01:00:00,20,80,2,130,0
26.685,1.686,2351.6,0.0,9.619,163.34,1.703,0,0.0,9.017,8.942,66.355,46.164,50.898,48.117,41.582,0.637,57720,39,2017-12-31 02:00:00,20,80,2,130,0
26.918,1.713,2355.4,0.001,9.626,163.31,0.992,0,0.0,9.028,8.958,66.376,46.137,50.914,48.195,41.605,0.627,57780,39,2017-12-31 03:00:00,20,90,2,130,0
26.353,1.675,2357.4,0.0,9.637,163.26,1.703,0,0.0,9.087,8.999,66.552,46.207,50.918,48.105,41.684,0.635,57840,39,2017-12-31 04:00:00,20,90,2,130,0
26.705,1.693,2351.6,0.0,9.635,163.36,1.602,0,0.0,9.057,8.983,66.514,46.203,50.906,48.191,41.68,0.627,57900,39,2017-12-31 05:00:00,20,90,2,130,0
27.248,1.718,2355.4,0.009,9.642,163.37,1.594,0,0.0,9.038,8.958,66.676,46.148,50.902,48.195,41.613,0.636,57960,39,2017-12-31 06:00:00,20,90,2,130,0
27.236,1.714,2353.4,0.0,9.634,163.36,1.664,0,0.0,9.026,8.953,66.415,46.187,50.902,48.195,41.613,0.631,58020,39,2017-12-31 07:00:00,20,90,2,130,0
26.858,1.69,2355.4,0.001,9.619,163.26,0.867,0,0.0,9.023,8.96,66.52,46.203,50.891,48.105,41.602,0.629,58080,39,2017-12-31 08:00:00,20,90,2,130,0
26.579,1.674,2353.6,0.004,9.636,163.36,1.664,0,0.0,9.05,8.963,66.761,46.203,50.93,48.102,41.68,0.625,58140,39,2017-12-31 09:00:00,20,90,2,130,0
27.271,1.713,2353.4,0.003,9.63,163.15,0.977,0,0.0,9.052,8.967,66.717,46.203,50.934,48.211,41.582,0.64,58200,39,2017-12-31 10:00:00,20,90,2,130,0
27.184,1.714,2351.4,0.0,9.619,163.28,1.57,0,0.0,9.066,8.991,66.47,46.187,50.914,48.195,41.605,0.625,58260,39,2017-12-31 11:00:00,20,90,2,130,0
27.061,1.714,2351.6,0.0,9.603,163.19,1.602,0,0.0,9.019,8.948,66.451,46.219,50.898,48.195,41.605,0.624,58320,39,2017-12-31 12:00:00,20,90,2,130,0
26.981,1.715,2361.4,0.004,9.643,163.35,1.703,0,0.0,9.0,8.932,66.733,46.203,50.926,48.191,41.605,0.618,58380,39,2017-12-31 13:00:00,20,100,2,130,0
26.845,1.691,2365.2,0.001,9.619,163.31,1.695,0,0.0,9.059,8.976,66.566,46.16,50.891,48.117,41.613,0.632,58440,39,2017-12-31 14:00:00,20,100,2,130,0
26.89,1.694,2375.0,0.003,9.619,163.28,0.914,0,0.0,8.993,8.914,66.598,46.195,50.898,48.102,41.582,0.631,58500,39,2017-12-31 15:00:00,20,100,2,130,0
27.14,1.706,2377.0,0.0,9.624,163.41,0.859,0,0.0,9.038,8.963,66.585,46.191,50.891,48.199,41.602,0.634,58560,39,2017-12-31 16:00:00,20,100,2,130,0
26.778,1.69,2391.4,0.0,9.601,163.27,0.859,0,0.0,9.033,8.965,66.495,46.148,50.914,48.098,41.602,0.618,58620,39,2017-12-31 17:00:00,20,100,2,130,0
26.95,1.714,2401.0,0.003,9.632,163.22,0.898,0,0.0,9.022,8.947,66.455,46.176,50.898,48.195,41.582,0.636,58680,39,2017-12-31 18:00:00,20,100,2,130,0
26.681,1.694,2404.2,0.003,9.622,163.39,0.891,0,0.0,9.057,8.988,66.482,46.168,50.898,48.117,41.605,0.629,58740,39,2017-12-31 19:00:00,20,100,2,130,0
27.04,1.71,2399.6,0.0,9.631,163.42,0.953,0,0.0,9.003,8.92,66.457,46.137,50.887,48.207,41.594,0.627,58800,39,2017-12-31 20:00:00,20,100,2,130,0
27.368,1.722,2361.6,0.001,9.621,163.31,0.922,0,0.0,9.065,8.989,66.368,46.203,50.875,48.207,41.59,0.629,58860,39,2017-12-31 21:00:00,20,100,2,130,0
26.85,1.694,2351.6,0.003,9.621,163.22,0.922,0,0.0,9.064,8.987,66.478,46.16,50.887,48.129,41.578,0.645,58920,39,2017-12-31 22:00:00,20,100,2,130,0
26.547,1.686,2361.4,0.001,9.619,163.37,1.07,0,0.0,9.064,8.983,67.798,46.195,50.914,48.117,41.602,0.629,58980,39,2017-12-31 23:00:00,20,100,1,130,1
26.539,1.7,2359.2,0.0,9.626,163.81,1.539,0,0.0,9.034,8.95,67.878,46.203,50.926,48.125,41.594,0.64,59040,39,2018-01-01 00:00:00,20,73,1,130,0
26.579,1.7,2359.2,0.0,9.603,163.79,0.922,0,0.0,9.067,8.983,67.726,46.207,50.879,48.117,41.566,0.638,59100,39,2018-01-01 01:00:00,20,73,1,130,0
26.843,1.714,2351.4,0.0,9.631,163.94,0.945,0,0.0,9.065,9.0,67.912,46.141,50.902,48.105,41.516,0.643,59160,39,2018-01-01 02:00:00,20,73,1,130,0
26.905,1.694,2347.4,0.001,9.626,163.93,0.937,0,0.0,9.025,8.948,67.987,46.16,50.887,48.02,41.508,0.637,59220,39,2018-01-01 03:00:00,20,73,1,130,0
27.263,1.717,2337.6,0.001,9.616,163.98,1.023,0,0.0,9.023,8.943,68.153,46.16,50.898,48.117,41.508,0.627,59280,39,2018-01-01 04:00:00,20,73,1,130,0
26.755,1.69,2333.6,0.005,9.636,163.91,0.914,0,0.0,9.068,8.986,68.007,46.129,50.887,48.098,41.516,0.645,59340,39,2018-01-01 05:00:00,20,73,1,130,0
26.889,1.695,2363.6,0.003,9.644,163.9,0.836,0,0.0,9.062,8.993,68.023,46.191,50.898,48.125,41.602,0.647,59400,39,2018-01-01 06:00:00,20,73,1,130,0
27.425,1.734,2399.0,0.006,9.64,163.84,0.875,0,0.0,9.023,8.957,67.815,46.203,50.891,48.102,41.516,0.643,59460,39,2018-01-01 07:00:00,20,73,1,130,0
26.764,1.692,2397.4,0.004,9.639,163.81,0.914,0,0.0,9.069,8.995,67.981,46.129,50.891,48.02,41.512,0.636,59520,39,2018-01-01 08:00:00,20,73,1,130,0
26.705,1.69,2374.8,0.001,9.644,164.06,0.867,0,0.0,9.026,8.947,67.895,46.137,50.891,48.113,41.594,0.652,59580,39,2018-01-01 09:00:00,20,73,1,130,0
26.788,1.714,2357.8,0.0,9.635,163.98,1.594,0,0.0,9.075,8.993,67.953,46.207,50.891,48.105,41.523,0.629,59640,39,2018-01-01 10:00:00,20,80,1,130,0
27.156,1.711,2341.6,0.0,9.636,164.01,1.562,0,0.0,9.021,8.955,68.013,46.152,50.898,48.016,41.441,0.641,59700,39,2018-01-01 11:00:00,20,80,1,130,0
27.283,1.718,2333.6,0.0,9.628,163.94,1.664,0,0.0,9.057,8.986,68.009,46.129,50.887,48.113,41.527,0.627,59760,39,2018-01-01 12:00:00,20,80,1,130,0
27.033,1.695,2366.6,0.0,9.657,164.0,0.82,0,0.0,9.059,8.986,67.969,46.125,50.879,48.023,41.512,0.644,59820,39,2018-01-01 13:00:00,20,80,1,130,0
26.982,1.69,2388.0,0.001,9.648,163.95,1.641,0,0.0,9.024,8.943,67.896,46.121,50.898,48.023,41.512,0.624,59880,39,2018-01-01 14:00:00,20,80,1,130,0
26.858,1.697,2400.4,0.011,9.643,163.98,1.023,0,0.0,9.069,8.988,67.872,46.203,50.887,48.008,41.523,0.651,59940,39,2018-01-01 15:00:00,20,80,1,130,0
27.181,1.707,2396.6,0.001,9.632,163.93,0.867,0,0.0,9.026,8.957,67.907,46.129,50.887,48.008,41.434,0.629,60000,39,2018-01-01 16:00:00,20,80,1,130,0
27.629,1.732,2393.6,0.006,9.667,163.97,1.727,0,0.0,9.022,8.938,67.981,46.055,50.887,48.016,41.363,0.645,60060,39,2018-01-01 17:00:00,20,80,1,130,0
27.61,1.728,2391.6,0.001,9.655,163.88,0.867,0,0.0,9.034,8.96,67.965,46.047,50.891,48.023,41.355,0.627,60120,39,2018-01-01 18:00:00,20,80,1,130,0
27.647,1.735,2396.6,0.0,9.632,163.9,1.273,0,0.0,9.021,8.943,68.143,46.121,50.898,48.02,41.34,0.629,60180,39,2018-01-01 19:00:00,20,80,1,130,0
27.062,1.717,2399.8,0.006,9.668,163.93,1.102,0,0.0,9.035,8.962,67.997,46.047,50.797,48.02,41.441,0.632,60240,39,2018-01-01 20:00:00,20,90,1,130,0
27.033,1.711,2386.6,0.001,9.654,163.89,1.719,0,0.0,9.04,8.967,68.011,46.047,50.793,48.023,41.445,0.599,60300,39,2018-01-01 21:00:00,20,90,1,130,0
27.353,1.713,2343.6,0.0,9.646,163.94,0.875,0,0.0,9.071,8.996,68.053,46.047,50.793,47.93,41.445,0.643,60360,39,2018-01-01 22:00:00,20,90,1,130,0
27.69,1.733,2345.4,0.0,9.619,163.98,0.937,0,0.0,9.067,8.983,68.01,46.043,50.82,48.035,41.352,0.644,60420,39,2018-01-01 23:00:00,20,90,1,130,0
27.694,1.738,2351.6,0.0,9.639,163.98,1.07,0,0.0,9.024,8.948,67.918,46.047,50.793,48.02,41.352,0.66,60480,39,2018-01-02 00:00:00,20,90,1,130,0
27.724,1.736,2365.2,0.0,9.649,163.93,1.719,0,0.0,9.054,8.975,67.978,45.965,50.77,48.008,41.352,0.649,60540,39,2018-01-02 01:00:00,20,90,1,130,0
27.001,1.684,2378.6,0.0,9.627,163.98,0.914,0,0.0,9.057,8.967,67.944,46.004,50.762,47.93,41.441,0.641,60600,39,2018-01-02 02:00:00,20,90,1,130,0
27.281,1.711,2385.6,0.001,9.626,163.85,1.648,0,0.0,9.035,8.947,67.965,45.961,50.754,47.941,41.363,0.632,60660,39,2018-01-02 03:00:00,20,90,1,130,0
27.294,1.716,2385.8,0.001,9.632,164.03,1.336,0,0.0,9.032,8.945,67.806,45.961,50.723,47.941,41.352,0.631,60720,39,2018-01-02 04:00:00,20,90,1,130,0
27.44,1.716,2392.6,0.001,9.642,163.98,1.742,0,0.0,9.054,8.982,67.681,45.969,50.754,47.922,41.336,0.62,60780,39,2018-01-02 05:00:00,20,90,1,130,0
27.315,1.712,2393.6,0.005,9.651,163.98,0.977,0,0.0,9.034,8.96,67.802,45.949,50.742,47.93,41.34,0.645,60840,39,2018-01-02 06:00:00,20,100,1,130,0
27.181,1.715,2384.4,0.0,9.677,163.9,1.672,0,0.0,9.096,9.017,67.985,45.961,50.723,47.914,41.324,0.639,60900,39,2018-01-02 07:00:00,20,100,1,130,0
27.483,1.715,2373.0,0.001,9.637,163.85,1.648,0,0.0,9.042,8.968,67.775,45.953,50.711,47.93,41.344,0.62,60960,39,2018-01-02 08:00:00,20,100,1,130,0
27.447,1.719,2371.0,0.003,9.676,163.95,0.758,0,0.0,9.099,9.024,67.783,45.949,50.727,47.926,41.344,0.633,61020,39,2018-01-02 09:00:00,20,100,1,130,0
27.43,1.718,2365.2,0.001,9.639,163.89,0.891,0,0.0,9.054,8.983,67.865,45.965,50.676,47.93,41.328,0.638,61080,39,2018-01-02 10:00:00,20,100,1,130,0
27.704,1.741,2363.4,0.0,9.657,164.09,1.625,0,0.0,9.05,8.972,67.826,45.961,50.668,47.941,41.262,0.624,61140,39,2018-01-02 11:00:00,20,100,1,130,0
27.177,1.699,2361.4,0.0,9.69,163.93,1.648,0,0.0,9.08,9.005,67.681,45.875,50.641,47.832,41.25,0.619,61200,39,2018-01-02 12:00:00,20,100,1,130,0
27.844,1.742,2355.6,0.003,9.675,163.93,0.68,0,0.0,9.106,9.019,67.712,45.953,50.641,47.848,41.168,0.633,61260,39,2018-01-02 13:00:00,20,100,1,130,0
27.525,1.72,2351.6,0.0,9.663,164.08,1.672,0,0.0,9.101,9.029,67.744,45.961,50.617,47.848,41.27,0.635,61320,39,2018-01-02 14:00:00,20,100,1,130,0
27.375,1.716,2345.6,0.001,9.659,164.0,1.719,0,0.0,9.075,8.987,67.871,45.965,50.617,47.789,41.262,0.623,61380,39,2018-01-02 15:00:00,20,100,1,130,0
27.668,1.732,2357.6,0.001,9.655,163.93,1.57,0,0.0,9.052,8.972,70.653,45.965,50.648,47.844,41.191,0.621,61440,39,2018-01-02 16:00:00,20,100,0,130,1
27.795,1.736,2385.6,0.004,9.657,165.12,1.617,0,0.0,9.054,8.977,70.565,45.949,50.711,47.836,41.191,0.623,61500,39,2018-01-02 17:00:00,20,73,0,130,0
27.944,1.737,2401.6,0.001,9.672,165.13,1.648,0,0.0,9.077,8.992,70.527,45.941,50.715,47.867,41.18,0.621,61560,39,2018-01-02 18:00:00,20,73,0,130,0
27.841,1.737,2404.6,0.001,9.662,164.9,1.562,0,0.0,9.092,9.021,70.768,45.949,50.715,47.836,41.18,0.609,61620,39,2018-01-02 19:00:00,20,73,0,130,0
27.9,1.741,2398.0,0.003,9.681,165.05,1.742,0,0.0,9.104,9.012,70.835,45.969,50.738,47.859,41.18,0.645,61680,39,2018-01-02 20:00:00,20,73,0,130,0
27.427,1.722,2398.4,0.001,9.679,164.92,1.516,0,0.0,9.099,9.023,70.854,45.977,50.781,47.855,41.262,0.611,61740,39,2018-01-02 21:00:00,20,73,0,130,0
27.668,1.732,2388.6,0.001,9.669,165.02,1.57,0,0.0,9.094,9.007,70.612,46.031,50.805,47.937,41.168,0.623,61800,39,2018-01-02 22:00:00,20,73,0,130,0
28.158,1.757,2391.4,0.0,9.651,165.06,1.617,0,0.0,9.036,8.96,70.56,45.961,50.77,47.941,41.18,0.609,61860,39,2018-01-02 23:00:00,20,73,0,130,0
27.767,1.728,2390.2,0.005,9.663,165.06,1.648,0,0.0,9.052,8.972,70.678,45.961,50.805,47.867,41.18,0.618,61920,39,2018-01-03 00:00:00,20,73,0,130,0
27.716,1.736,2385.2,0.0,9.679,165.14,1.664,0,0.0,9.095,9.009,70.621,45.961,50.789,47.926,41.262,0.62,61980,39,2018-01-03 01:00:00,20,73,0,130,0
27.403,1.721,2382.0,0.001,9.653,164.91,1.547,0,0.0,9.068,8.989,70.843,45.953,50.789,47.848,41.25,0.625,62040,39,2018-01-03 02:00:00,20,73,0,130,0
28.067,1.757,2376.6,0.0,9.662,165.16,1.617,0,0.0,9.033,8.95,70.605,45.949,50.805,47.926,41.168,0.62,62100,39,2018-01-03 03:00:00,20,80,0,130,0
27.946,1.763,2367.0,0.0,9.672,165.05,0.867,0,0.0,9.068,8.981,70.47,45.961,50.781,47.937,41.172,0.637,62160,39,2018-01-03 04:00:00,20,80,0,130,0
27.909,1.735,2363.4,0.0,9.648,165.01,1.625,0,0.0,9.092,9.012,70.784,45.969,50.777,47.844,41.168,0.642,62220,39,2018-01-03 05:00:00,20,80,0,130,0
27.858,1.735,2353.4,0.0,9.653,165.23,1.719,0,0.0,9.038,8.951,70.84,45.953,50.766,47.848,41.18,0.622,62280,39,2018-01-03 06:00:00,20,80,0,130,0
27.888,1.754,2347.4,0.0,9.631,165.05,1.352,0,0.0,9.054,8.976,70.739,45.949,50.77,47.844,41.102,0.637,62340,39,2018-01-03 07:00:00,20,80,0,130,0
27.066,1.71,2347.4,0.003,9.644,165.1,1.602,0,0.0,9.083,9.0,70.757,45.965,50.75,47.828,41.18,0.615,62400,39,2018-01-03 08:00:00,20,80,0,130,0
27.634,1.737,2345.4,0.005,9.667,165.08,1.586,0,0.0,9.066,8.986,70.781,45.937,50.75,47.832,41.184,0.605,62460,39,2018-01-03 09:00:00,20,80,0,130,0
27.271,1.737,2349.4,0.007,9.659,165.06,1.414,0,0.0,9.036,8.955,70.6,45.953,50.727,47.914,41.246,0.613,62520,39,2018-01-03 10:00:00,20,80,0,130,0
27.464,1.737,2343.6,0.0,9.659,165.09,1.742,0,0.0,9.055,8.972,70.644,45.941,50.77,47.836,41.184,0.609,62580,39,2018-01-03 11:00:00,20,80,0,130,0
27.874,1.756,2341.6,0.0,9.666,164.9,0.781,0,0.0,9.097,9.014,70.497,45.961,50.805,47.832,41.098,0.614,62640,39,2018-01-03 12:00:00,20,80,0,130,0
27.806,1.756,2335.6,0.003,9.66,165.19,1.602,0,0.0,9.095,9.017,70.738,45.953,50.777,47.848,41.102,0.618,62700,39,2018-01-03 13:00:00,20,90,0,130,0
27.912,1.755,2344.6,0.0,9.633,165.13,1.617,0,0.0,9.049,8.953,70.756,45.883,50.723,47.848,41.113,0.619,62760,39,2018-01-03 14:00:00,20,90,0,130,0
27.907,1.757,2379.6,0.001,9.635,165.06,1.695,0,0.0,9.087,9.002,70.872,45.855,50.727,47.871,41.105,0.627,62820,39,2018-01-03 15:00:00,20,90,0,130,0
27.905,1.741,2383.0,0.005,9.65,165.19,1.586,0,0.0,9.079,8.997,70.793,45.887,50.711,47.848,41.113,0.621,62880,39,2018-01-03 16:00:00,20,90,0,130,0
27.826,1.732,2397.2,0.001,9.666,165.06,1.695,0,0.0,9.045,8.965,70.819,45.867,50.723,47.848,41.102,0.62,62940,39,2018-01-03 17:00:00,20,90,0,130,0
27.873,1.745,2396.2,0.001,9.646,165.25,1.672,0,0.0,9.083,8.991,70.903,45.871,50.727,47.805,41.113,0.638,63000,39,2018-01-03 18:00:00,20,90,0,130,0
27.722,1.738,2390.6,0.001,9.664,165.22,1.68,0,0.0,9.094,8.999,71.024,45.883,50.703,47.793,41.113,0.634,63060,39,2018-01-03 19:00:00,20,90,0,130,0
27.713,1.746,2373.8,0.0,9.653,165.13,1.719,0,0.0,9.039,8.951,70.903,45.883,50.672,47.781,41.105,0.627,63120,39,2018-01-03 20:00:00,20,90,0,130,0
27.623,1.742,2356.8,0.0,9.65,165.22,0.859,0,0.0,9.043,8.967,70.72,45.867,50.629,47.773,41.098,0.633,63180,39,2018-01-03 21:00:00,20,90,0,130,0
27.579,1.726,2348.0,0.001,9.644,165.06,0.82,0,0.0,9.039,8.96,70.725,45.816,50.633,47.754,41.113,0.617,63240,39,2018-01-03 22:00:00,20,90,0,130,0
28.067,1.763,2331.6,0.0,9.637,165.13,1.055,0,0.0,9.035,8.95,70.978,45.801,50.641,47.781,41.02,0.613,63300,39,2018-01-03 23:00:00,20,100,0,130,0
27.715,1.738,2339.6,0.001,9.677,165.12,0.867,0,0.0,9.076,9.005,70.822,45.805,50.621,47.781,41.113,0.623,63360,39,2018-01-04 00:00:00,20,100,0,130,0
28.133,1.752,2379.6,0.0,9.658,165.11,0.836,0,0.0,9.087,8.999,71.049,45.801,50.633,47.762,41.031,0.621,63420,39,2018-01-04 01:00:00,20,100,0,130,0
27.811,1.732,2388.6,0.001,9.644,165.12,0.742,0,0.0,9.056,8.973,71.099,45.715,50.629,47.766,41.102,0.609,63480,39,2018-01-04 02:00:00,20,100,0,130,0
27.666,1.737,2396.0,0.0,9.646,165.29,0.766,0,0.0,9.052,8.964,70.835,45.738,50.645,47.793,41.105,0.605,63540,39,2018-01-04 03:00:00,20,100,0,130,0
27.811,1.733,2394.0,0.0,9.635,165.17,0.742,0,0.0,9.094,9.001,70.54,45.727,50.621,47.754,41.105,0.61,63600,39,2018-01-04 04:00:00,20,100,0,130,0
27.948,1.759,2399.0,0.0,9.659,165.08,0.797,0,0.0,9.095,9.019,70.488,45.801,50.629,47.754,41.023,0.618,63660,39,2018-01-04 05:00:00,20,100,0,130,0
27.824,1.755,2390.2,0.001,9.684,165.16,0.797,0,0.0,9.077,9.005,70.662,45.723,50.633,47.766,41.008,0.606,63720,39,2018-01-04 06:00:00,20,100,0,130,0
27.822,1.758,2344.6,0.003,9.654,165.0,0.789,0,0.0,9.049,8.974,70.702,45.742,50.617,47.773,41.0,0.626,63780,39,2018-01-04 07:00:00,20,100,0,130,0
27.867,1.756,2335.6,0.0,9.657,165.23,0.82,0,0.0,9.04,8.974,70.538,45.711,50.605,47.754,41.0,0.612,63840,39,2018-01-04 08:00:00,20,100,0,130,0
28.327,1.783,2341.6,0.0,9.655,165.21,0.797,0,0.0,9.08,9.002,70.684,45.711,50.539,47.754,40.934,0.604,63900,39,2018-01-04 09:00:00,20,100,0,115,1
27.496,1.74,2345.4,0.001,9.68,166.41,0.719,0,0.0,9.082,9.002,70.456,45.699,50.535,47.68,41.023,0.623,63960,39,2018-01-04 10:00:00,20,100,0,115,1
27.865,1.761,2351.4,0.004,9.669,166.23,0.687,0,0.0,9.087,8.995,70.729,45.703,50.547,47.668,40.934,0.616,64020,39,2018-01-04 11:00:00,20,100,0,115,1
28.016,1.756,2353.4,0.004,9.67,166.18,1.359,0,0.0,9.045,8.969,70.455,45.695,50.52,47.672,40.941,0.621,64080,39,2018-01-04 12:00:00,20,100,0,115,1
27.727,1.732,2363.4,0.0,9.676,166.08,0.82,0,0.0,9.052,8.976,70.426,45.699,50.52,47.59,40.934,0.608,64140,39,2018-01-04 13:00:00,20,100,0,115,1
27.652,1.731,2371.2,0.003,9.679,166.14,0.68,0,0.0,9.06,8.99,70.447,45.703,50.547,47.586,40.918,0.614,64200,39,2018-01-04 14:00:00,20,100,0,115,1
27.684,1.735,2365.0,0.0,9.653,165.96,0.664,0,0.0,9.069,8.982,70.702,45.699,50.504,47.578,40.93,0.609,64260,39,2018-01-04 15:00:00,20,100,0,115,1
27.517,1.733,2373.0,0.003,9.648,166.03,1.195,0,0.0,9.078,9.005,70.794,45.605,50.449,47.59,40.93,0.627,64320,39,2018-01-04 16:00:00,20,100,0,115,1
27.798,1.731,2385.0,0.0,9.66,165.86,1.016,0,0.0,9.075,8.993,70.822,45.609,50.469,47.59,40.941,0.597,64380,39,2018-01-04 17:00:00,20,100,0,115,1
27.719,1.737,2394.8,0.003,9.657,166.0,0.766,0,0.0,9.092,9.009,70.598,45.605,50.387,47.59,40.926,0.606,64440,39,2018-01-04 18:00:00,20,100,0,115,1
27.357,1.721,2397.0,0.006,9.67,166.08,1.484,0,0.0,9.113,9.038,66.567,45.508,50.359,47.547,40.918,0.623,64500,39,2018-01-04 19:00:00,20,100,2,115,1
27.353,1.712,2423.8,0.003,9.683,164.23,1.406,0,0.0,9.112,9.036,66.547,45.441,50.289,47.492,40.934,0.618,64560,39,2018-01-04 20:00:00,20,73,2,115,0
27.851,1.738,2423.4,0.0,9.693,164.19,0.656,0,0.0,9.094,9.009,66.629,45.375,50.281,47.426,40.781,0.628,64620,39,2018-01-04 21:00:00,20,73,2,115,0
27.522,1.729,2423.0,0.0,9.689,164.28,0.711,0,0.0,9.087,9.0,66.376,45.297,50.195,47.363,40.773,0.611,64680,39,2018-01-04 22:00:00,20,73,2,115,0
27.679,1.743,2425.6,0.0,9.693,164.34,0.789,0,0.0,9.101,9.012,66.029,45.285,50.125,47.383,40.676,0.62,64740,39,2018-01-04 23:00:00,20,73,2,115,0
27.809,1.736,2426.6,0.003,9.679,164.27,1.469,0,0.0,9.135,9.047,66.293,45.27,50.105,47.344,40.687,0.637,64800,39,2018-01-05 00:00:00,20,73,2,115,0
27.426,1.711,2424.2,0.001,9.682,164.14,1.492,0,0.0,9.153,9.068,66.275,45.203,50.047,47.25,40.68,0.628,64860,39,2018-01-05 01:00:00,20,73,2,115,0
27.398,1.721,2428.8,0.003,9.684,164.12,1.445,0,0.0,9.147,9.073,65.998,45.207,50.043,47.242,40.687,0.606,64920,39,2018-01-05 02:00:00,20,73,2,115,0
27.528,1.715,2425.6,0.0,9.683,164.15,0.836,0,0.0,9.149,9.078,66.106,45.18,50.043,47.16,40.687,0.623,64980,39,2018-01-05 03:00:00,20,73,2,115,0
27.177,1.7,2420.2,0.0,9.691,163.91,1.508,0,0.0,9.159,9.07,66.091,45.195,50.035,47.16,40.691,0.62,65040,39,2018-01-05 04:00:00,20,73,2,115,0
27.422,1.716,2414.6,0.003,9.689,163.98,1.406,0,0.0,9.147,9.068,66.315,45.184,50.023,47.156,40.598,0.623,65100,39,2018-01-05 05:00:00,20,73,2,115,0
27.443,1.724,2424.8,0.006,9.679,164.19,0.656,0,0.0,9.154,9.068,66.174,45.195,50.02,47.172,40.59,0.629,65160,39,2018-01-05 06:00:00,20,80,2,115,0
27.525,1.71,2417.2,0.001,9.677,164.14,1.406,0,0.0,9.137,9.066,66.475,45.191,50.02,47.156,40.598,0.632,65220,39,2018-01-05 07:00:00,20,80,2,115,0
27.373,1.709,2411.6,0.001,9.655,163.92,1.328,0,0.0,9.124,9.035,66.368,45.113,50.035,47.242,40.602,0.63,65280,39,2018-01-05 08:00:00,20,80,2,115,0
27.883,1.745,2415.4,0.0,9.704,164.01,1.461,0,0.0,9.097,9.009,66.194,45.184,50.02,47.199,40.508,0.644,65340,39,2018-01-05 09:00:00,20,80,2,115,0
27.871,1.739,2417.8,0.003,9.684,164.02,1.703,0,0.0,9.097,9.011,66.323,45.102,49.996,47.172,40.52,0.626,65400,39,2018-01-05 10:00:00,20,80,2,115,0
27.291,1.697,2414.0,0.006,9.681,164.2,1.469,0,0.0,9.1,9.012,66.103,45.207,49.965,47.125,40.598,0.642,65460,39,2018-01-05 11:00:00,20,80,2,115,0
27.557,1.716,2415.8,0.001,9.683,164.17,1.492,0,0.0,9.094,9.011,66.417,45.207,49.988,47.102,40.52,0.609,65520,39,2018-01-05 12:00:00,20,80,2,115,0
27.694,1.742,2417.2,0.0,9.677,163.95,1.469,0,0.0,9.102,9.01,66.236,45.113,49.953,47.09,40.441,0.616,65580,39,2018-01-05 13:00:00,20,80,2,115,0
27.182,1.695,2417.0,0.0,9.666,164.0,1.492,0,0.0,9.11,9.026,66.313,45.031,49.941,47.117,40.602,0.636,65640,39,2018-01-05 14:00:00,20,80,2,115,0
27.501,1.72,2417.2,0.003,9.68,164.19,0.766,0,0.0,9.122,9.032,66.213,45.113,49.926,47.152,40.531,0.609,65700,39,2018-01-05 15:00:00,20,80,2,115,0
27.166,1.707,2423.2,0.0,9.671,163.98,1.43,0,0.0,9.09,9.007,66.288,45.02,49.895,47.16,40.582,0.608,65760,39,2018-01-05 16:00:00,20,90,2,115,0
27.67,1.731,2422.8,0.0,9.679,164.16,1.703,0,0.0,9.111,9.016,66.157,45.109,49.965,47.102,40.52,0.6,65820,39,2018-01-05 17:00:00,20,90,2,115,0
27.554,1.724,2412.0,0.005,9.691,163.94,1.586,0,0.0,9.119,9.036,66.282,45.109,49.941,47.094,40.523,0.612,65880,39,2018-01-05 18:00:00,20,90,2,115,0
26.946,1.702,2416.0,0.0,9.701,163.94,1.406,0,0.0,9.111,9.038,66.147,45.125,49.941,47.078,40.598,0.588,65940,39,2018-01-05 19:00:00,20,90,2,115,0
27.274,1.721,2409.6,0.003,9.684,163.95,0.664,0,0.0,9.101,9.024,66.164,45.031,49.941,47.102,40.508,0.623,66000,39,2018-01-05 20:00:00,20,90,2,115,0
27.192,1.721,2391.6,0.0,9.659,163.94,0.656,0,0.0,9.106,9.014,66.206,45.09,49.941,47.117,40.523,0.644,66060,39,2018-01-05 21:00:00,20,90,2,115,0
27.101,1.721,2365.6,0.0,9.687,163.94,1.539,0,0.0,9.097,9.019,66.44,45.109,49.934,47.078,40.543,0.612,66120,39,2018-01-05 22:00:00,20,90,2,115,0
27.134,1.719,2365.6,0.003,9.676,163.97,0.766,0,0.0,9.122,9.034,66.454,45.023,49.934,47.074,40.531,0.619,66180,39,2018-01-05 23:00:00,20,90,2,115,0
27.717,1.739,2371.4,0.003,9.688,164.09,1.602,0,0.0,9.126,9.035,66.448,45.043,49.914,47.086,40.426,0.62,66240,39,2018-01-06 00:00:00,20,90,2,115,0
27.301,1.738,2367.4,0.001,9.67,163.93,1.445,0,0.0,9.113,9.031,66.37,45.035,49.895,47.09,40.445,0.622,66300,39,2018-01-06 01:00:00,20,90,2,115,0
27.537,1.741,2361.6,0.005,9.672,163.97,0.734,0,0.0,9.108,9.014,66.319,45.035,49.898,47.086,40.43,0.617,66360,39,2018-01-06 02:00:00,20,100,2,115,0
27.762,1.741,2365.6,0.005,9.706,164.09,1.664,0,0.0,9.111,9.036,66.192,45.047,49.883,47.086,40.441,0.624,66420,39,2018-01-06 03:00:00,20,100,2,115,0
27.714,1.74,2369.4,0.003,9.693,164.01,0.844,0,0.0,9.127,9.052,66.185,45.008,49.867,47.102,40.445,0.618,66480,39,2018-01-06 04:00:00,20,100,2,115,0
27.403,1.719,2371.4,0.001,9.691,164.12,0.797,0,0.0,9.122,9.045,65.921,45.023,49.898,47.012,40.441,0.613,66540,39,2018-01-06 05:00:00,20,100,2,115,0
27.302,1.718,2369.4,0.004,9.71,163.98,1.328,0,0.0,9.13,9.047,66.278,45.043,49.887,47.02,40.441,0.609,66600,39,2018-01-06 06:00:00,20,100,2,115,0
27.55,1.725,2365.6,0.0,9.688,164.0,0.781,0,0.0,9.101,9.014,66.248,45.043,49.883,47.012,40.437,0.61,66660,39,2018-01-06 07:00:00,20,100,2,115,0
27.545,1.739,2369.4,0.004,9.684,164.06,0.742,0,0.0,9.121,9.033,66.19,45.09,49.895,47.102,40.441,0.643,66720,39,2018-01-06 08:00:00,20,100,2,115,0
27.37,1.722,2371.4,0.003,9.679,164.04,1.484,0,0.0,9.141,9.064,66.393,45.031,49.895,47.008,40.437,0.621,66780,39,2018-01-06 09:00:00,20,100,2,115,0
27.824,1.759,2367.4,0.0,9.664,163.98,1.57,0,0.0,9.116,9.026,66.181,45.02,49.879,47.078,40.363,0.624,66840,39,2018-01-06 10:00:00,20,100,2,115,0
27.387,1.717,2373.4,0.003,9.684,164.04,0.766,0,0.0,9.142,9.05,66.205,45.023,49.848,47.012,40.453,0.62,66900,39,2018-01-06 11:00:00,20,100,2,115,0
27.388,1.72,2381.4,0.003,9.672,163.91,0.758,0,0.0,9.102,9.014,67.669,45.043,49.867,47.02,40.437,0.627,66960,39,2018-01-06 12:00:00,20,100,1,115,1
27.238,1.713,2375.4,0.007,9.711,164.52,0.734,0,0.0,9.155,9.081,67.758,45.047,49.887,47.004,40.453,0.629,67020,39,2018-01-06 13:00:00,20,73,1,115,0
28.079,1.766,2381.0,0.003,9.674,164.55,0.766,0,0.0,9.107,9.019,67.822,45.023,49.883,47.004,40.281,0.625,67080,39,2018-01-06 14:00:00,20,73,1,115,0
27.904,1.751,2377.0,0.003,9.675,164.6,0.937,0,0.0,9.146,9.063,68.036,45.031,49.898,47.086,40.352,0.639,67140,39,2018-01-06 15:00:00,20,73,1,115,0
27.286,1.72,2373.2,0.003,9.674,164.52,1.383,0,0.0,9.097,9.0,68.171,45.031,49.867,47.004,40.426,0.638,67200,39,2018-01-06 16:00:00,20,73,1,115,0
27.242,1.718,2373.2,0.0,9.693,164.69,0.781,0,0.0,9.122,9.035,68.037,45.02,49.895,47.012,40.426,0.634,67260,39,2018-01-06 17:00:00,20,73,1,115,0
27.249,1.718,2371.2,0.001,9.677,164.57,0.719,0,0.0,9.151,9.073,67.947,45.109,49.879,47.012,40.441,0.629,67320,39,2018-01-06 18:00:00,20,73,1,115,0
27.106,1.715,2361.4,0.0,9.673,164.6,1.484,0,0.0,9.097,9.017,68.06,45.023,49.883,46.996,40.43,0.619,67380,39,2018-01-06 19:00:00,20,73,1,115,0
27.062,1.709,2361.4,0.001,9.669,164.6,1.469,0,0.0,9.166,9.076,67.957,45.035,49.887,47.008,40.441,0.618,67440,39,2018-01-06 20:00:00,20,73,1,115,0
27.562,1.734,2365.4,0.005,9.691,164.46,1.484,0,0.0,9.11,9.026,67.775,45.047,49.867,46.996,40.359,0.604,67500,39,2018-01-06 21:00:00,20,73,1,115,0
27.641,1.736,2363.4,0.0,9.671,164.52,0.937,0,0.0,9.139,9.058,68.056,45.031,49.844,47.008,40.359,0.618,67560,39,2018-01-06 22:00:00,20,73,1,115,0
27.071,1.687,2363.4,0.001,9.674,164.49,0.711,0,0.0,9.157,9.071,68.086,45.035,49.883,47.004,40.445,0.635,67620,39,2018-01-06 23:00:00,20,80,1,115,0
27.239,1.716,2355.4,0.0,9.693,164.58,1.43,0,0.0,9.163,9.073,67.82,45.023,49.855,46.996,40.453,0.615,67680,39,2018-01-07 00:00:00,20,80,1,115,0
27.207,1.716,2355.4,0.0,9.681,164.59,1.391,0,0.0,9.153,9.071,67.836,44.937,49.812,46.992,40.441,0.624,67740,39,2018-01-07 01:00:00,20,80,1,115,0
27.121,1.718,2370.8,0.006,9.695,164.63,1.234,0,0.0,9.154,9.076,67.91,45.035,49.801,47.004,40.441,0.623,67800,39,2018-01-07 02:00:00,20,80,1,115,0
26.879,1.694,2411.4,0.001,9.684,164.56,1.484,0,0.0,9.12,9.032,67.953,44.93,49.785,46.926,40.437,0.619,67860,39,2018-01-07 03:00:00,20,80,1,115,0
27.618,1.737,2416.2,0.001,9.672,164.59,1.406,0,0.0,9.129,9.057,67.829,44.855,49.785,46.918,40.27,0.603,67920,39,2018-01-07 04:00:00,20,80,1,115,0
27.602,1.747,2415.6,0.001,9.681,164.44,1.648,0,0.0,9.165,9.081,67.845,44.937,49.805,46.965,40.266,0.609,67980,39,2018-01-07 05:00:00,20,80,1,115,0
27.455,1.734,2411.4,0.001,9.676,164.55,1.594,0,0.0,9.163,9.078,67.755,44.965,49.793,46.918,40.273,0.609,68040,39,2018-01-07 06:00:00,20,80,1,115,0
27.13,1.708,2414.8,0.0,9.684,164.62,0.898,0,0.0,9.181,9.092,67.683,44.844,49.805,46.91,40.359,0.612,68100,39,2018-01-07 07:00:00,20,80,1,115,0
27.721,1.735,2409.4,0.0,9.703,164.63,1.367,0,0.0,9.158,9.081,67.812,44.941,49.801,46.918,40.266,0.626,68160,39,2018-01-07 08:00:00,20,80,1,115,0
27.237,1.721,2404.0,0.001,9.691,164.58,0.891,0,0.0,9.167,9.083,67.55,44.863,49.812,46.926,40.348,0.618,68220,39,2018-01-07 09:00:00,20,90,1,115,0
27.59,1.73,2392.2,0.004,9.691,164.76,1.406,0,0.0,9.156,9.073,67.975,44.844,49.816,46.91,40.281,0.63,68280,39,2018-01-07 10:00:00,20,90,1,115,0
27.436,1.742,2387.0,0.001,9.698,164.6,1.562,0,0.0,9.171,9.093,67.766,44.848,49.82,46.91,40.266,0.62,68340,39,2018-01-07 11:00:00,20,90,1,115,0
27.429,1.739,2375.4,0.003,9.688,164.6,0.789,0,0.0,9.171,9.097,67.882,44.859,49.805,46.926,40.254,0.629,68400,39,2018-01-07 12:00:00,20,90,1,115,0
27.469,1.743,2373.4,0.001,9.716,164.63,1.469,0,0.0,9.172,9.086,67.941,44.875,49.812,46.91,40.258,0.614,68460,39,2018-01-07 13:00:00,20,90,1,115,0
27.459,1.731,2373.4,0.004,9.704,164.86,1.492,0,0.0,9.175,9.09,67.957,44.871,49.789,46.902,40.266,0.634,68520,39,2018-01-07 14:00:00,20,90,1,115,0
27.538,1.743,2363.4,0.001,9.715,164.59,1.562,0,0.0,9.184,9.09,67.961,44.855,49.738,46.898,40.254,0.622,68580,39,2018-01-07 15:00:00,20,90,1,115,0
27.46,1.737,2365.4,0.0,9.683,164.55,1.625,0,0.0,9.179,9.094,67.659,44.855,49.758,46.926,40.27,0.635,68640,39,2018-01-07 16:00:00,20,90,1,115,0
27.082,1.717,2369.4,0.011,9.681,164.55,0.789,0,0.0,9.167,9.085,67.664,44.848,49.723,46.824,40.273,0.627,68700,39,2018-01-07 17:00:00,20,90,1,115,0
27.429,1.738,2361.4,0.0,9.68,164.52,1.508,0,0.0,9.173,9.1,67.585,44.859,49.75,46.824,40.18,0.648,68760,39,2018-01-07 18:00:00,20,90,1,115,0
27.382,1.733,2365.4,0.004,9.684,164.73,1.195,0,0.0,9.155,9.068,67.798,44.855,49.73,46.824,40.187,0.628,68820,39,2018-01-07 19:00:00,20,100,1,115,0
27.499,1.731,2359.6,0.0,9.664,164.7,1.539,0,0.0,9.158,9.078,67.63,44.871,49.711,46.738,40.094,0.617,68880,39,2018-01-07 20:00:00,20,100,1,115,0
27.427,1.735,2357.6,0.005,9.669,164.59,0.68,0,0.0,9.142,9.054,68.028,44.754,49.707,46.75,40.18,0.615,68940,39,2018-01-07 21:00:00,20,100,1,115,0
27.206,1.719,2349.6,0.001,9.706,164.6,1.57,0,0.0,9.13,9.036,68.105,44.754,49.695,46.75,40.187,0.621,69000,39,2018-01-07 22:00:00,20,100,1,115,0
27.385,1.735,2347.6,0.0,9.684,164.66,0.734,0,0.0,9.186,9.101,68.034,44.766,49.707,46.824,40.187,0.628,69060,39,2018-01-07 23:00:00,20,100,1,115,0
27.541,1.728,2351.6,0.001,9.689,164.63,1.594,0,0.0,9.161,9.08,68.138,44.777,49.691,46.762,40.113,0.617,69120,39,2018-01-08 00:00:00,20,100,1,115,0
27.953,1.762,2349.6,0.001,9.666,164.63,0.82,0,0.0,9.12,9.04,67.997,44.699,49.656,46.754,40.008,0.631,69180,39,2018-01-08 01:00:00,20,100,1,115,0
27.597,1.727,2353.4,0.006,9.682,164.69,0.664,0,0.0,9.159,9.062,68.105,44.781,49.629,46.75,40.18,0.637,69240,39,2018-01-08 02:00:00,20,100,1,115,0
27.756,1.767,2347.6,0.0,9.688,164.68,0.664,0,0.0,9.177,9.094,67.914,44.691,49.629,46.695,40.004,0.628,69300,39,2018-01-08 03:00:00,20,100,1,115,0
27.41,1.74,2379.2,0.001,9.695,164.69,0.797,0,0.0,9.151,9.07,67.9,44.617,49.637,46.66,40.004,0.638,69360,39,2018-01-08 04:00:00,20,100,1,115,0
27.519,1.743,2406.8,0.003,9.68,164.65,0.812,0,0.0,9.118,9.038,70.684,44.691,49.629,46.684,40.016,0.654,69420,39,2018-01-08 05:00:00,20,100,0,115,1
27.395,1.731,2401.6,0.006,9.668,165.94,1.289,0,0.0,9.144,9.054,70.613,44.77,49.664,46.738,40.086,0.642,69480,39,2018-01-08 06:00:00,20,73,0,115,0
27.616,1.744,2403.6,0.0,9.684,165.67,0.734,0,0.0,9.172,9.082,70.822,44.863,49.719,46.695,40.02,0.627,69540,39,2018-01-08 07:00:00,20,73,0,115,0
27.28,1.734,2401.6,0.003,9.682,165.75,1.445,0,0.0,9.177,9.095,70.789,44.77,49.73,46.738,40.094,0.632,69600,39,2018-01-08 08:00:00,20,73,0,115,0
27.883,1.775,2394.4,0.0,9.704,165.75,1.469,0,0.0,9.13,9.052,70.871,44.859,49.793,46.824,40.016,0.613,69660,39,2018-01-08 09:00:00,20,73,0,115,0
27.369,1.744,2402.0,0.0,9.675,165.9,0.812,0,0.0,9.132,9.05,70.559,44.859,49.785,46.734,40.098,0.622,69720,39,2018-01-08 10:00:00,20,73,0,115,0
27.501,1.749,2407.4,0.003,9.7,165.81,0.703,0,0.0,9.162,9.082,70.766,44.871,49.789,46.82,40.094,0.64,69780,39,2018-01-08 11:00:00,20,73,0,115,0
27.582,1.762,2404.0,0.0,9.681,165.84,0.992,0,0.0,9.124,9.031,70.608,44.859,49.793,46.824,40.086,0.615,69840,39,2018-01-08 12:00:00,20,73,0,115,0
27.173,1.733,2409.8,0.0,9.699,165.91,0.719,0,0.0,9.163,9.08,70.415,44.855,49.793,46.824,40.18,0.618,69900,39,2018-01-08 13:00:00,20,73,0,115,0
27.145,1.738,2412.4,0.001,9.691,166.05,1.516,0,0.0,9.176,9.092,70.636,44.855,49.805,46.824,40.176,0.607,69960,39,2018-01-08 14:00:00,20,73,0,115,0
27.483,1.757,2412.2,0.003,9.717,165.88,0.656,0,0.0,9.154,9.068,70.555,44.863,49.793,46.82,40.109,0.608,70020,39,2018-01-08 15:00:00,20,73,0,115,0
27.38,1.762,2408.8,0.004,9.702,165.94,1.508,0,0.0,9.123,9.035,70.375,44.848,49.801,46.898,40.18,0.598,70080,39,2018-01-08 16:00:00,20,80,0,115,0
27.481,1.762,2401.4,0.0,9.702,166.05,1.516,0,0.0,9.179,9.104,70.562,44.848,49.805,46.824,40.109,0.616,70140,39,2018-01-08 17:00:00,20,80,0,115,0
27.812,1.774,2392.4,0.0,9.693,165.92,0.789,0,0.0,9.139,9.052,70.504,44.848,49.801,46.937,40.109,0.608,70200,39,2018-01-08 18:00:00,20,80,0,115,0
27.426,1.763,2379.0,0.0,9.69,166.02,1.484,0,0.0,9.116,9.035,70.476,44.836,49.789,46.937,40.18,0.61,70260,39,2018-01-08 19:00:00,20,80,0,115,0
27.317,1.75,2371.4,0.001,9.686,166.03,1.437,0,0.0,9.141,9.058,70.443,44.855,49.805,46.914,40.109,0.622,70320,39,2018-01-08 20:00:00,20,80,0,115,0
27.401,1.753,2369.4,0.005,9.698,165.83,1.594,0,0.0,9.155,9.075,70.36,44.875,49.812,46.855,40.098,0.617,70380,39,2018-01-08 21:00:00,20,80,0,115,0
27.749,1.786,2359.4,0.001,9.681,165.87,1.414,0,0.0,9.179,9.097,70.536,44.863,49.793,46.844,40.016,0.609,70440,39,2018-01-08 22:00:00,20,80,0,115,0
27.659,1.783,2352.0,0.0,9.71,165.89,0.742,0,0.0,9.146,9.057,70.48,44.859,49.789,46.945,40.102,0.621,70500,39,2018-01-08 23:00:00,20,80,0,115,0
27.787,1.787,2364.0,0.0,9.699,165.94,0.687,0,0.0,9.142,9.047,70.369,44.777,49.801,46.93,40.098,0.596,70560,39,2018-01-09 00:00:00,20,80,0,115,0
27.663,1.789,2401.2,0.0,9.687,165.94,0.781,0,0.0,9.136,9.045,70.424,44.871,49.801,46.914,40.086,0.61,70620,39,2018-01-09 01:00:00,20,80,0,115,0
27.434,1.769,2415.2,0.003,9.695,165.89,1.508,0,0.0,9.158,9.073,70.563,44.848,49.801,46.844,40.07,0.615,70680,39,2018-01-09 02:00:00,20,90,0,115,0
27.275,1.759,2414.8,0.003,9.702,166.02,0.758,0,0.0,9.176,9.082,70.777,44.855,49.812,46.824,40.109,0.636,70740,39,2018-01-09 03:00:00,20,90,0,115,0
27.582,1.763,2413.0,0.001,9.711,165.86,1.602,0,0.0,9.173,9.095,70.717,44.848,49.812,46.824,40.109,0.607,70800,39,2018-01-09 04:00:00,20,90,0,115,0
27.634,1.777,2414.4,0.0,9.719,165.94,1.469,0,0.0,9.164,9.075,70.74,44.859,49.789,46.891,40.102,0.597,70860,39,2018-01-09 05:00:00,20,90,0,115,0
27.401,1.756,2414.4,0.003,9.693,165.99,1.547,0,0.0,9.161,9.082,70.558,44.781,49.789,46.836,40.098,0.599,70920,39,2018-01-09 06:00:00,20,90,0,115,0
27.61,1.768,2413.6,0.0,9.711,166.02,0.82,0,0.0,9.135,9.057,70.507,44.754,49.793,46.832,40.086,0.603,70980,39,2018-01-09 07:00:00,20,90,0,115,0
27.231,1.751,2415.8,0.003,9.701,165.89,1.602,0,0.0,9.13,9.052,70.357,44.754,49.785,46.832,40.18,0.614,71040,39,2018-01-09 08:00:00,20,90,0,115,0
27.126,1.737,2414.4,0.003,9.7,165.78,1.641,0,0.0,9.12,9.041,70.344,44.859,49.789,46.816,40.187,0.624,71100,39,2018-01-09 09:00:00,20,90,0,115,0
27.451,1.759,2412.4,0.003,9.728,165.84,0.742,0,0.0,9.144,9.066,70.482,44.848,49.789,46.844,40.098,0.609,71160,39,2018-01-09 10:00:00,20,90,0,115,0
27.404,1.755,2414.4,0.0,9.693,165.87,0.734,0,0.0,9.16,9.087,70.173,44.859,49.773,46.82,40.102,0.614,71220,39,2018-01-09 11:00:00,20,90,0,115,0
27.305,1.761,2411.6,0.0,9.686,165.84,1.539,0,0.0,9.116,9.022,70.407,44.848,49.789,46.832,40.102,0.622,71280,39,2018-01-09 12:00:00,20,100,0,115,0
26.984,1.737,2414.2,0.003,9.684,165.77,1.539,0,0.0,9.163,9.085,70.402,44.859,49.75,46.832,40.199,0.606,71340,39,2018-01-09 13:00:00,20,100,0,115,0
27.23,1.756,2402.0,0.001,9.691,165.84,1.719,0,0.0,9.123,9.044,70.612,44.859,49.777,46.82,40.109,0.599,71400,39,2018-01-09 14:00:00,20,100,0,115,0
27.415,1.76,2404.6,0.003,9.701,165.9,0.687,0,0.0,9.134,9.04,70.534,44.848,49.805,46.742,40.008,0.631,71460,39,2018-01-09 15:00:00,20,100,0,115,0
27.682,1.774,2406.0,0.0,9.699,166.0,0.742,0,0.0,9.175,9.105,70.732,44.777,49.777,46.82,40.031,0.618,71520,39,2018-01-09 16:00:00,20,100,0,115,0
27.512,1.756,2400.0,0.0,9.664,165.9,1.68,0,0.0,9.137,9.052,70.567,44.766,49.746,46.793,40.02,0.618,71580,39,2018-01-09 17:00:00,20,100,0,115,0
26.948,1.736,2380.6,0.004,9.696,165.9,1.172,0,0.0,9.124,9.041,70.492,44.691,49.711,46.742,40.109,0.609,71640,39,2018-01-09 18:00:00,20,100,0,115,0
27.046,1.736,2396.6,0.007,9.724,165.92,1.703,0,0.0,9.16,9.071,70.683,44.699,49.73,46.738,40.109,0.608,71700,39,2018-01-09 19:00:00,20,100,0,115,0
27.333,1.754,2410.6,0.0,9.689,165.91,1.562,0,0.0,9.165,9.087,70.526,44.711,49.695,46.727,40.027,0.601,71760,39,2018-01-09 20:00:00,20,100,0,115,0
27.474,1.757,2409.6,0.005,9.684,165.94,0.891,0,0.0,9.174,9.095,70.605,44.703,49.719,46.727,40.02,0.608,71820,39,2018-01-09 21:00:00,20,100,0,115,0
27.652,1.757,2408.4,0.003,9.683,165.84,1.273,0,0.0,9.146,9.065,70.624,44.77,49.695,46.742,40.031,0.607,71880,39,2018-01-09 22:00:00,20,100,0,100,1
27.147,1.735,2423.4,0.003,9.683,168.26,0.664,0,0.0,9.137,9.061,70.511,44.703,49.664,46.648,40.031,0.605,71940,39,2018-01-09 23:00:00,20,100,0,100,1
27.187,1.744,2423.6,0.001,9.677,168.25,0.742,0,0.0,9.139,9.057,70.675,44.691,49.68,46.695,40.02,0.608,72000,39,2018-01-10 00:00:00,20,100,0,100,1
27.588,1.764,2425.0,0.004,9.699,167.93,0.789,0,0.0,9.146,9.057,70.458,44.691,49.684,46.684,39.949,0.603,72060,39,2018-01-10 01:00:00,20,100,0,100,1
27.587,1.773,2425.0,0.0,9.708,167.83,0.719,0,0.0,9.153,9.063,70.549,44.621,49.629,46.707,39.941,0.617,72120,39,2018-01-10 02:00:00,20,100,0,100,1
27.571,1.769,2423.8,0.001,9.704,168.09,0.82,0,0.0,9.152,9.052,70.298,44.609,49.625,46.687,39.926,0.62,72180,39,2018-01-10 03:00:00,20,100,0,100,1
27.656,1.78,2413.2,0.0,9.717,167.88,0.641,0,0.0,9.146,9.061,70.46,44.687,49.629,46.648,39.859,0.619,72240,39,2018-01-10 04:00:00,20,100,0,100,1
27.392,1.764,2420.6,0.001,9.717,168.08,0.664,0,0.0,9.196,9.101,70.417,44.617,49.609,46.66,40.008,0.598,72300,39,2018-01-10 05:00:00,20,100,0,100,1
27.922,1.786,2417.4,0.0,9.724,167.91,0.812,0,0.0,9.154,9.076,70.606,44.617,49.559,46.668,39.844,0.609,72360,39,2018-01-10 06:00:00,20,100,0,100,1
27.433,1.759,2410.2,0.0,9.695,167.91,0.812,0,0.0,9.149,9.066,70.488,44.617,49.559,46.672,39.93,0.611,72420,39,2018-01-10 07:00:00,20,100,0,100,1
27.213,1.74,2411.6,0.004,9.716,167.88,0.68,0,0.0,9.144,9.055,66.365,44.621,49.555,46.66,40.008,0.624,72480,39,2018-01-10 08:00:00,20,100,2,100,1
27.287,1.75,2430.6,0.006,9.716,166.16,0.953,0,0.0,9.149,9.059,66.627,44.531,49.492,46.496,39.855,0.607,72540,39,2018-01-10 09:00:00,20,73,2,100,0
27.264,1.74,2420.0,0.003,9.728,166.16,0.742,0,0.0,9.167,9.083,66.49,44.445,49.383,46.492,39.855,0.634,72600,39,2018-01-10 10:00:00,20,73,2,100,0
27.134,1.717,2407.0,0.001,9.703,165.9,1.281,0,0.0,9.188,9.107,66.523,44.449,49.316,46.492,39.844,0.632,72660,39,2018-01-10 11:00:00,20,73,2,100,0
26.96,1.72,2405.2,0.001,9.711,166.05,1.602,0,0.0,9.179,9.094,66.449,44.367,49.277,46.391,39.848,0.608,72720,39,2018-01-10 12:00:00,20,73,2,100,0
27.316,1.749,2409.0,0.003,9.739,166.0,1.641,0,0.0,9.176,9.103,66.16,44.363,49.289,46.41,39.77,0.61,72780,39,2018-01-10 13:00:00,20,73,2,100,0
27.324,1.741,2416.4,0.003,9.728,165.96,1.547,0,0.0,9.227,9.148,66.376,44.371,49.289,46.324,39.699,0.61,72840,39,2018-01-10 14:00:00,20,73,2,100,0
27.337,1.735,2418.0,0.0,9.71,165.96,1.133,0,0.0,9.179,9.101,66.333,44.285,49.277,46.25,39.703,0.61,72900,39,2018-01-10 15:00:00,20,73,2,100,0
27.325,1.742,2426.8,0.001,9.744,165.86,1.672,0,0.0,9.208,9.127,66.347,44.367,49.273,46.324,39.676,0.613,72960,39,2018-01-10 16:00:00,20,73,2,100,0
27.349,1.734,2427.4,0.0,9.733,165.87,1.805,0,0.0,9.234,9.141,66.138,44.273,49.223,46.324,39.691,0.619,73020,39,2018-01-10 17:00:00,20,73,2,100,0
27.35,1.733,2424.6,0.0,9.722,165.94,0.664,0,0.0,9.172,9.076,66.466,44.289,49.195,46.309,39.687,0.614,73080,39,2018-01-10 18:00:00,20,73,2,100,0
27.207,1.719,2421.8,0.0,9.717,165.69,1.602,0,0.0,9.235,9.159,66.413,44.273,49.195,46.316,39.766,0.613,73140,39,2018-01-10 19:00:00,20,80,2,100,0
27.219,1.725,2422.6,0.0,9.729,165.88,0.898,0,0.0,9.158,9.08,66.462,44.371,49.203,46.324,39.766,0.627,73200,39,2018-01-10 20:00:00,20,80,2,100,0
27.437,1.739,2421.4,0.001,9.713,165.84,1.703,0,0.0,9.215,9.132,66.337,44.289,49.215,46.32,39.691,0.632,73260,39,2018-01-10 21:00:00,20,80,2,100,0
26.982,1.703,2423.4,0.003,9.717,165.73,1.57,0,0.0,9.161,9.087,66.444,44.289,49.191,46.266,39.766,0.633,73320,39,2018-01-10 22:00:00,20,80,2,100,0
27.075,1.727,2424.4,0.001,9.726,165.89,0.812,0,0.0,9.186,9.097,66.416,44.289,49.207,46.336,39.766,0.637,73380,39,2018-01-10 23:00:00,20,80,2,100,0
26.988,1.714,2410.8,0.0,9.731,165.91,0.891,0,0.0,9.21,9.127,66.383,44.277,49.203,46.316,39.758,0.627,73440,39,2018-01-11 00:00:00,20,80,2,100,0
26.626,1.702,2403.2,0.0,9.723,165.75,1.672,0,0.0,9.163,9.09,66.155,44.367,49.215,46.324,39.844,0.632,73500,39,2018-01-11 01:00:00,20,80,2,100,0
26.674,1.698,2389.4,0.0,9.726,165.76,1.781,0,0.0,9.206,9.122,66.437,44.367,49.191,46.344,39.848,0.619,73560,39,2018-01-11 02:00:00,20,80,2,100,0
26.776,1.705,2383.4,0.005,9.714,165.84,0.992,0,0.0,9.184,9.093,66.483,44.371,49.219,46.324,39.844,0.611,73620,39,2018-01-11 03:00:00,20,80,2,100,0
26.732,1.701,2376.0,0.001,9.717,165.65,0.82,0,0.0,9.174,9.083,66.391,44.355,49.207,46.41,39.937,0.619,73680,39,2018-01-11 04:00:00,20,80,2,100,0
26.835,1.694,2386.6,0.0,9.733,165.7,0.664,0,0.0,9.219,9.127,66.389,44.371,49.258,46.316,39.859,0.634,73740,39,2018-01-11 05:00:00,20,90,2,100,0
27.303,1.736,2406.6,0.003,9.701,165.66,1.641,0,0.0,9.175,9.09,66.233,44.379,49.27,46.414,39.754,0.615,73800,39,2018-01-11 06:00:00,20,90,2,100,0
27.477,1.745,2433.6,0.003,9.71,165.68,1.617,0,0.0,9.165,9.076,66.275,44.379,49.262,46.41,39.754,0.615,73860,39,2018-01-11 07:00:00,20,90,2,100,0
27.387,1.745,2434.0,0.0,9.729,165.6,1.516,0,0.0,9.166,9.083,66.044,44.273,49.25,46.387,39.766,0.614,73920,39,2018-01-11 08:00:00,20,90,2,100,0
26.705,1.706,2438.6,0.003,9.737,165.48,0.758,0,0.0,9.188,9.104,66.129,44.383,49.242,46.316,39.828,0.562,73980,39,2018-01-11 09:00:00,20,90,2,100,0
27.344,1.745,2438.6,0.0,9.757,165.48,0.758,0,0.0,9.196,9.114,66.125,44.367,49.246,46.426,39.758,0.615,74040,39,2018-01-11 10:00:00,20,90,2,100,0
27.665,1.766,2438.4,0.0,9.73,165.65,1.602,0,0.0,9.189,9.098,66.269,44.383,49.289,46.414,39.691,0.616,74100,39,2018-01-11 11:00:00,20,90,2,100,0
27.547,1.756,2427.8,0.005,9.722,165.68,1.68,0,0.0,9.186,9.092,66.284,44.371,49.219,46.41,39.699,0.606,74160,39,2018-01-11 12:00:00,20,90,2,100,0
27.133,1.722,2420.8,0.0,9.726,165.53,1.516,0,0.0,9.21,9.127,66.37,44.301,49.207,46.32,39.754,0.614,74220,39,2018-01-11 13:00:00,20,90,2,100,0
27.063,1.722,2425.8,0.001,9.724,165.68,0.734,0,0.0,9.171,9.086,66.237,44.355,49.223,46.309,39.77,0.643,74280,39,2018-01-11 14:00:00,20,90,2,100,0
26.85,1.699,2427.2,0.001,9.714,165.73,1.516,0,0.0,9.217,9.124,66.405,44.344,49.219,46.344,39.859,0.607,74340,39,2018-01-11 15:00:00,20,100,2,100,0
26.739,1.697,2422.0,0.005,9.735,165.69,1.508,0,0.0,9.216,9.134,66.272,44.367,49.191,46.336,39.855,0.622,74400,39,2018-01-11 16:00:00,20,100,2,100,0
26.702,1.7,2399.8,0.006,9.741,165.69,1.664,0,0.0,9.231,9.156,66.292,44.297,49.207,46.316,39.848,0.612,74460,39,2018-01-11 17:00:00,20,100,2,100,0
27.194,1.74,2376.0,0.0,9.734,165.41,1.227,0,0.0,9.175,9.085,66.617,44.355,49.215,46.398,39.848,0.609,74520,39,2018-01-11 18:00:00,20,100,2,100,0
26.972,1.723,2400.6,0.003,9.712,165.59,0.844,0,0.0,9.2,9.108,66.592,44.363,49.195,46.324,39.758,0.609,74580,39,2018-01-11 19:00:00,20,100,2,100,0
27.178,1.735,2383.6,0.003,9.699,165.7,0.812,0,0.0,9.203,9.125,66.37,44.363,49.246,46.305,39.766,0.623,74640,39,2018-01-11 20:00:00,20,100,2,100,0
27.011,1.726,2376.6,0.0,9.726,165.64,0.797,0,0.0,9.194,9.122,66.662,44.297,49.195,46.309,39.754,0.619,74700,39,2018-01-11 21:00:00,20,100,2,100,0
27.076,1.721,2417.4,0.004,9.742,165.63,0.664,0,0.0,9.193,9.112,66.513,44.285,49.215,46.305,39.836,0.614,74760,39,2018-01-11 22:00:00,20,100,2,100,0
27.222,1.731,2398.6,0.005,9.733,165.55,0.742,0,0.0,9.186,9.099,66.462,44.367,49.207,46.297,39.699,0.617,74820,39,2018-01-11 23:00:00,20,100,2,100,0
27.11,1.74,2402.6,0.004,9.731,165.59,0.812,0,0.0,9.172,9.087,66.296,44.355,49.23,46.32,39.703,0.612,74880,39,2018-01-12 00:00:00,20,100,2,100,0
26.972,1.731,2369.6,0.0,9.724,165.53,0.812,0,0.0,9.177,9.083,67.749,44.352,49.137,46.289,39.711,0.617,74940,39,2018-01-12 01:00:00,20,100,1,100,1
27.222,1.735,2357.4,0.0,9.724,166.3,1.523,0,0.0,9.166,9.07,67.94,44.277,49.207,46.305,39.699,0.638,75000,39,2018-01-12 02:00:00,20,73,1,100,0
27.334,1.74,2369.4,0.0,9.721,166.26,1.094,0,0.0,9.178,9.081,67.719,44.363,49.242,46.309,39.703,0.628,75060,39,2018-01-12 03:00:00,20,73,1,100,0
27.696,1.756,2369.4,0.003,9.723,166.16,0.789,0,0.0,9.226,9.129,67.837,44.277,49.27,46.297,39.605,0.627,75120,39,2018-01-12 04:00:00,20,73,1,100,0
26.992,1.724,2367.4,0.003,9.734,166.29,0.781,0,0.0,9.156,9.066,67.76,44.297,49.223,46.309,39.754,0.625,75180,39,2018-01-12 05:00:00,20,73,1,100,0
26.772,1.701,2373.4,0.003,9.741,166.51,0.719,0,0.0,9.159,9.071,67.634,44.285,49.219,46.316,39.863,0.635,75240,39,2018-01-12 06:00:00,20,73,1,100,0
27.175,1.732,2377.4,0.003,9.759,166.27,1.055,0,0.0,9.217,9.127,67.833,44.379,49.262,46.305,39.691,0.626,75300,39,2018-01-12 07:00:00,20,73,1,100,0
27.178,1.737,2371.6,0.001,9.727,166.46,0.656,0,0.0,9.158,9.073,67.899,44.367,49.191,46.297,39.684,0.624,75360,39,2018-01-12 08:00:00,20,73,1,100,0
27.654,1.753,2367.4,0.0,9.704,166.34,0.937,0,0.0,9.174,9.093,68.376,44.285,49.27,46.305,39.617,0.619,75420,39,2018-01-12 09:00:00,20,73,1,100,0
27.303,1.734,2361.4,0.001,9.716,166.29,1.516,0,0.0,9.17,9.087,67.916,44.297,49.234,46.305,39.691,0.619,75480,39,2018-01-12 10:00:00,20,73,1,100,0
27.691,1.765,2377.4,0.003,9.711,166.42,1.562,0,0.0,9.175,9.08,68.022,44.285,49.262,46.289,39.605,0.628,75540,39,2018-01-12 11:00:00,20,73,1,100,0
27.263,1.71,2369.4,0.0,9.726,166.26,0.766,0,0.0,9.208,9.131,67.946,44.285,49.113,46.23,39.699,0.637,75600,39,2018-01-12 12:00:00,20,80,1,100,0
27.063,1.721,2363.4,0.001,9.733,166.26,1.695,0,0.0,9.182,9.101,67.765,44.289,49.215,46.297,39.75,0.63,75660,39,2018-01-12 13:00:00,20,80,1,100,0
27.325,1.738,2367.4,0.0,9.722,166.21,0.969,0,0.0,9.177,9.075,68.115,44.273,49.207,46.32,39.691,0.62,75720,39,2018-01-12 14:00:00,20,80,1,100,0
27.412,1.732,2359.4,0.0,9.726,166.41,1.0,0,0.0,9.208,9.116,68.165,44.277,49.219,46.227,39.609,0.612,75780,39,2018-01-12 15:00:00,20,80,1,100,0
27.248,1.738,2361.4,0.0,9.706,166.37,1.617,0,0.0,9.193,9.098,68.059,44.285,49.191,46.293,39.617,0.62,75840,39,2018-01-12 16:00:00,20,80,1,100,0
27.181,1.735,2361.4,0.001,9.703,166.52,1.586,0,0.0,9.216,9.134,68.103,44.223,49.207,46.23,39.609,0.635,75900,39,2018-01-12 17:00:00,20,80,1,100,0
27.054,1.714,2365.4,0.0,9.719,166.37,1.68,0,0.0,9.167,9.077,68.1,44.219,49.18,46.242,39.703,0.641,75960,39,2018-01-12 18:00:00,20,80,1,100,0
26.906,1.711,2373.4,0.003,9.7,166.56,1.664,0,0.0,9.199,9.111,68.038,44.285,49.207,46.227,39.687,0.615,76020,39,2018-01-12 19:00:00,20,80,1,100,0
27.062,1.724,2383.4,0.001,9.699,166.38,1.227,0,0.0,9.229,9.14,67.825,44.273,49.219,46.238,39.703,0.617,76080,39,2018-01-12 20:00:00,20,80,1,100,0
27.104,1.726,2389.2,0.003,9.727,166.22,1.75,0,0.0,9.182,9.094,67.928,44.23,49.191,46.254,39.703,0.64,76140,39,2018-01-12 21:00:00,20,80,1,100,0
27.049,1.715,2389.2,0.003,9.711,166.41,0.953,0,0.0,9.222,9.149,67.88,44.289,49.203,46.309,39.711,0.621,76200,39,2018-01-12 22:00:00,20,90,1,100,0
26.735,1.703,2387.2,0.005,9.738,166.3,1.703,0,0.0,9.172,9.075,67.668,44.273,49.176,46.25,39.754,0.622,76260,39,2018-01-12 23:00:00,20,90,1,100,0
27.158,1.726,2383.4,0.001,9.755,166.29,0.914,0,0.0,9.201,9.125,67.623,44.289,49.219,46.254,39.691,0.627,76320,39,2018-01-13 00:00:00,20,90,1,100,0
27.074,1.72,2379.4,0.0,9.726,166.34,1.602,0,0.0,9.228,9.13,67.658,44.312,49.207,46.25,39.684,0.624,76380,39,2018-01-13 01:00:00,20,90,1,100,0
27.022,1.722,2383.4,0.005,9.731,166.26,0.914,0,0.0,9.188,9.098,68.018,44.277,49.215,46.25,39.699,0.624,76440,39,2018-01-13 02:00:00,20,90,1,100,0
27.025,1.718,2391.2,0.0,9.708,166.42,0.836,0,0.0,9.167,9.078,67.695,44.277,49.187,46.254,39.77,0.625,76500,39,2018-01-13 03:00:00,20,90,1,100,0
27.081,1.718,2397.0,0.0,9.741,166.29,0.758,0,0.0,9.208,9.132,67.925,44.277,49.195,46.25,39.699,0.634,76560,39,2018-01-13 04:00:00,20,90,1,100,0
27.322,1.738,2404.4,0.003,9.714,166.48,1.539,0,0.0,9.172,9.083,67.919,44.266,49.203,46.316,39.699,0.618,76620,39,2018-01-13 05:00:00,20,90,1,100,0
27.109,1.729,2405.6,0.0,9.749,166.51,1.469,0,0.0,9.212,9.127,68.101,44.277,49.203,46.266,39.691,0.621,76680,39,2018-01-13 06:00:00,20,90,1,100,0
26.854,1.7,2413.6,0.0,9.735,166.29,1.234,0,0.0,9.223,9.132,67.762,44.262,49.191,46.277,39.77,0.617,76740,39,2018-01-13 07:00:00,20,90,1,100,0
27.238,1.732,2420.6,0.0,9.724,166.41,0.914,0,0.0,9.155,9.076,68.2,44.285,49.203,46.316,39.699,0.619,76800,39,2018-01-13 08:00:00,20,100,1,100,0
27.086,1.716,2416.6,0.006,9.731,166.44,1.852,0,0.0,9.207,9.119,68.096,44.285,49.207,46.305,39.699,0.632,76860,39,2018-01-13 09:00:00,20,100,1,100,0
26.918,1.703,2418.8,0.0,9.741,166.35,1.508,0,0.0,9.186,9.114,68.174,44.312,49.203,46.25,39.77,0.614,76920,39,2018-01-13 10:00:00,20,100,1,100,0
26.653,1.695,2422.4,0.0,9.734,166.38,0.719,0,0.275,9.166,9.078,67.959,44.273,49.215,46.305,39.777,0.612,76980,39,2018-01-13 11:00:00,20,100,1,100,0
27.253,1.736,2424.0,0.006,9.73,166.29,1.031,0,0.0,9.217,9.134,68.068,44.285,49.207,46.254,39.703,0.617,77040,39,2018-01-13 12:00:00,20,100,1,100,0
26.849,1.718,2425.4,0.0,9.737,166.42,1.492,0,0.0,9.162,9.08,67.836,44.301,49.262,46.23,39.777,0.629,77100,39,2018-01-13 13:00:00,20,100,1,100,0
26.836,1.696,2423.0,0.0,9.736,166.33,1.625,0,0.0,9.215,9.135,68.057,44.266,49.18,46.297,39.859,0.612,77160,39,2018-01-13 14:00:00,20,100,1,100,0
26.607,1.684,2425.8,0.004,9.716,166.41,0.703,0,0.0,9.184,9.099,68.011,44.277,49.195,46.27,39.844,0.618,77220,39,2018-01-13 15:00:00,20,100,1,100,0
26.712,1.695,2426.0,0.001,9.723,166.27,1.484,0,0.0,9.21,9.129,68.11,44.363,49.262,46.316,39.844,0.634,77280,39,2018-01-13 16:00:00,20,100,1,100,0
26.792,1.708,2420.8,0.003,9.743,166.23,0.977,0,0.0,9.194,9.112,67.826,44.367,49.285,46.289,39.781,0.622,77340,39,2018-01-13 17:00:00,20,100,1,100,0
27.051,1.713,2424.0,0.0,9.723,166.33,0.836,0,0.0,9.17,9.094,70.719,44.352,49.297,46.316,39.77,0.621,77400,39,2018-01-13 18:00:00,20,100,0,100,1
26.842,1.714,2405.0,0.001,9.739,167.34,1.508,0,0.0,9.189,9.107,70.601,44.43,49.277,46.387,39.855,0.622,77460,39,2018-01-13 19:00:00,20,73,0,100,0
26.932,1.717,2357.4,0.0,9.736,167.62,0.82,0,0.0,9.198,9.113,70.556,44.449,49.277,46.398,39.844,0.617,77520,39,2018-01-13 20:00:00,20,73,0,100,0
27.182,1.744,2361.4,0.001,9.737,167.45,1.539,0,0.0,9.151,9.071,70.659,44.445,49.371,46.473,39.828,0.623,77580,39,2018-01-13 21:00:00,20,73,0,100,0
27.256,1.738,2359.4,0.0,9.715,167.63,1.594,0,0.0,9.173,9.097,70.779,44.445,49.371,46.469,39.848,0.621,77640,39,2018-01-13 22:00:00,20,73,0,100,0
27.22,1.735,2373.4,0.001,9.719,167.5,1.172,0,0.0,9.196,9.112,70.769,44.516,49.418,46.48,39.848,0.627,77700,39,2018-01-13 23:00:00,20,73,0,100,0
27.189,1.743,2381.0,0.001,9.739,167.45,1.523,0,0.0,9.16,9.073,70.589,44.527,49.426,46.473,39.848,0.612,77760,39,2018-01-14 00:00:00,20,73,0,100,0
27.01,1.743,2389.0,0.003,9.691,167.56,0.789,0,0.0,9.158,9.066,70.608,44.512,49.465,46.48,39.844,0.607,77820,39,2018-01-14 01:00:00,20,73,0,100,0
27.11,1.737,2399.4,0.0,9.724,167.44,1.695,0,0.0,9.186,9.103,70.579,44.531,49.453,46.492,39.844,0.628,77880,39,2018-01-14 02:00:00,20,73,0,100,0
27.119,1.74,2409.2,0.001,9.711,167.64,0.766,0,0.0,9.137,9.052,70.763,44.523,49.508,46.492,39.836,0.615,77940,39,2018-01-14 03:00:00,20,73,0,100,0
27.319,1.762,2407.6,0.003,9.702,167.59,0.687,0,0.0,9.181,9.102,70.668,44.523,49.516,46.559,39.859,0.625,78000,39,2018-01-14 04:00:00,20,73,0,100,0
27.306,1.767,2413.8,0.003,9.722,167.5,0.719,0,0.0,9.141,9.068,70.769,44.617,49.516,46.574,39.848,0.618,78060,39,2018-01-14 05:00:00,20,80,0,100,0
27.5,1.763,2395.6,0.003,9.726,167.41,0.703,0,0.0,9.176,9.087,70.724,44.617,49.531,46.551,39.848,0.621,78120,39,2018-01-14 06:00:00,20,80,0,100,0
27.372,1.768,2388.2,0.005,9.707,167.37,0.789,0,0.0,9.137,9.048,70.677,44.609,49.535,46.566,39.855,0.632,78180,39,2018-01-14 07:00:00,20,80,0,100,0
27.081,1.735,2390.2,0.001,9.726,167.38,0.734,0,0.0,9.189,9.103,70.643,44.539,49.527,46.484,39.848,0.609,78240,39,2018-01-14 08:00:00,20,80,0,100,0
27.015,1.741,2384.8,0.004,9.727,167.69,0.891,0,0.0,9.137,9.045,70.955,44.531,49.527,46.562,39.926,0.625,78300,39,2018-01-14 09:00:00,20,80,0,100,0
27.365,1.765,2373.8,0.0,9.724,167.61,0.859,0,0.0,9.187,9.093,71.002,44.621,49.527,46.566,39.859,0.624,78360,39,2018-01-14 10:00:00,20,80,0,100,0
27.238,1.763,2357.4,0.003,9.717,167.62,0.797,0,0.0,9.123,9.034,70.964,44.539,49.531,46.566,39.848,0.61,78420,39,2018-01-14 11:00:00,20,80,0,100,0
27.365,1.768,2351.4,0.0,9.706,167.53,0.766,0,0.0,9.165,9.077,70.966,44.527,49.488,46.578,39.93,0.627,78480,39,2018-01-14 12:00:00,20,80,0,100,0
27.385,1.762,2345.4,0.004,9.726,167.54,0.82,0,0.0,9.168,9.083,70.834,44.457,49.492,46.566,39.844,0.632,78540,39,2018-01-14 13:00:00,20,80,0,100,0
27.397,1.766,2377.6,0.0,9.73,167.65,1.109,0,0.0,9.135,9.054,70.829,44.527,49.531,46.473,39.844,0.627,78600,39,2018-01-14 14:00:00,20,80,0,100,0
27.094,1.745,2398.6,0.0,9.711,167.41,0.859,0,0.0,9.129,9.042,70.925,44.527,49.516,46.48,39.863,0.624,78660,39,2018-01-14 15:00:00,20,90,0,100,0
27.094,1.742,2415.2,0.001,9.712,167.56,1.57,0,0.0,9.155,9.082,70.859,44.539,49.492,46.473,39.848,0.623,78720,39,2018-01-14 16:00:00,20,90,0,100,0
27.388,1.759,2418.4,0.001,9.711,167.75,1.195,0,0.0,9.174,9.097,70.719,44.531,49.508,46.562,39.848,0.612,78780,39,2018-01-14 17:00:00,20,90,0,100,0
27.349,1.764,2416.2,0.004,9.753,167.47,0.719,0,0.0,9.144,9.048,70.757,44.523,49.52,46.562,39.859,0.602,78840,39,2018-01-14 18:00:00,20,90,0,100,0
27.29,1.741,2417.4,0.0,9.706,167.59,1.703,0,0.0,9.168,9.075,70.556,44.527,49.527,46.559,39.937,0.609,78900,39,2018-01-14 19:00:00,20,90,0,100,0
26.873,1.713,2411.0,0.0,9.704,167.52,0.969,0,0.0,9.175,9.109,70.524,44.516,49.531,46.586,40.016,0.602,78960,39,2018-01-14 20:00:00,20,90,0,100,0
26.759,1.721,2399.6,0.0,9.73,167.54,0.859,0,0.0,9.144,9.058,70.627,44.621,49.527,46.562,40.004,0.612,79020,39,2018-01-14 21:00:00,20,90,0,100,0
27.345,1.763,2382.6,0.0,9.71,167.56,1.625,0,0.0,9.144,9.045,70.614,44.59,49.531,46.578,39.937,0.602,79080,39,2018-01-14 22:00:00,20,90,0,100,0
27.358,1.758,2345.6,0.0,9.726,167.5,0.969,0,0.0,9.165,9.087,70.634,44.617,49.547,46.656,39.926,0.615,79140,39,2018-01-14 23:00:00,20,90,0,100,0
26.991,1.74,2345.4,0.001,9.709,167.5,0.812,0,0.0,9.125,9.035,70.762,44.621,49.531,46.578,39.93,0.609,79200,39,2018-01-15 00:00:00,20,90,0,100,0
27.039,1.739,2355.4,0.001,9.723,167.48,0.844,0,0.0,9.176,9.1,70.716,44.621,49.535,46.648,39.937,0.611,79260,39,2018-01-15 01:00:00,20,100,0,100,0
27.14,1.762,2357.4,0.008,9.73,167.63,1.617,0,0.0,9.135,9.054,70.87,44.617,49.543,46.645,39.941,0.61,79320,39,2018-01-15 02:00:00,20,100,0,100,0
26.874,1.743,2357.4,0.0,9.713,167.48,1.57,0,0.0,9.154,9.078,70.817,44.687,49.535,46.574,39.937,0.602,79380,39,2018-01-15 03:00:00,20,100,0,100,0
27.234,1.756,2357.4,0.006,9.731,167.54,0.711,0,0.0,9.155,9.078,70.76,44.605,49.508,46.66,39.937,0.617,79440,39,2018-01-15 04:00:00,20,100,0,100,0
27.077,1.743,2359.4,0.0,9.714,167.51,1.281,0,0.0,9.134,9.053,70.649,44.617,49.543,46.656,40.027,0.631,79500,39,2018-01-15 05:00:00,20,100,0,100,0
27.054,1.746,2347.4,0.004,9.712,167.29,0.68,0,0.0,9.123,9.036,70.921,44.621,49.543,46.66,39.93,0.62,79560,39,2018-01-15 06:00:00,20,100,0,100,0
27.372,1.765,2343.6,0.0,9.702,167.58,1.523,0,0.0,9.177,9.102,70.867,44.621,49.535,46.566,39.844,0.61,79620,39,2018-01-15 07:00:00,20,100,0,100,0
27.284,1.765,2345.4,0.0,9.707,167.48,1.602,0,0.0,9.165,9.089,71.07,44.531,49.516,46.656,39.937,0.609,79680,39,2018-01-15 08:00:00,20,100,0,100,0
26.666,1.72,2341.4,0.004,9.707,167.63,1.625,0,0.0,9.168,9.09,70.771,44.609,49.543,46.574,39.961,0.611,79740,39,2018-01-15 09:00:00,20,100,0,100,0
26.976,1.742,2379.6,0.001,9.73,167.43,0.797,0,0.0,9.134,9.052,70.863,44.621,49.543,46.66,40.008,0.617,79800,39,2018-01-15 10:00:00,20,100,0,100,0
27.211,1.753,2407.6,0.006,9.73,167.43,0.641,0,0.0,9.178,9.089,70.618,44.531,49.531,46.656,39.937,0.6,79860,39,2018-01-15 11:00:00,20,100,0,90,1
27.119,1.741,2420.0,0.003,9.724,170.46,1.055,0,0.0,9.144,9.059,70.614,44.527,49.52,46.578,39.93,0.606,79920,39,2018-01-15 12:00:00,20,100,0,90,1
27.113,1.744,2431.8,0.003,9.715,170.24,0.719,0,0.0,9.142,9.054,70.641,44.578,49.527,46.562,39.937,0.604,79980,39,2018-01-15 13:00:00,20,100,0,90,1
27.802,1.793,2435.8,0.0,9.729,170.24,0.937,0,0.0,9.136,9.059,70.59,44.512,49.535,46.656,39.836,0.618,80040,39,2018-01-15 14:00:00,20,100,0,90,1
27.046,1.736,2432.0,0.003,9.717,170.27,0.719,0,0.0,9.179,9.108,70.816,44.605,49.527,46.48,39.844,0.622,80100,39,2018-01-15 15:00:00,20,100,0,90,1
27.081,1.735,2422.8,0.0,9.716,170.01,0.687,0,2.878,9.16,9.075,70.904,44.594,49.543,46.484,39.836,0.603,80160,39,2018-01-15 16:00:00,20,100,0,90,1
27.294,1.759,2416.8,0.001,9.73,170.19,1.492,0,2.728,9.161,9.068,70.956,44.512,49.527,46.578,39.836,0.607,80220,39,2018-01-15 17:00:00,20,100,0,90,1
27.388,1.767,2421.6,0.0,9.717,170.15,0.664,0,0.0,9.177,9.092,71.028,44.512,49.527,46.562,39.832,0.61,80280,39,2018-01-15 18:00:00,20,100,0,90,1
27.109,1.736,2430.0,0.007,9.726,170.07,0.844,0,0.0,9.188,9.102,70.859,44.527,49.52,46.484,39.848,0.62,80340,39,2018-01-15 19:00:00,20,100,0,90,1
27.303,1.766,2428.0,0.0,9.735,170.0,0.867,0,0.0,9.134,9.046,70.785,44.531,49.543,46.574,39.848,0.612,80400,39,2018-01-15 20:00:00,20,100,0,90,1
27.094,1.744,2430.0,0.0,9.717,169.88,1.18,0,0.0,9.176,9.101,66.325,44.437,49.473,46.48,39.859,0.622,80460,39,2018-01-15 21:00:00,20,100,2,90,1
27.107,1.737,2452.8,0.003,9.721,168.12,1.516,0,0.0,9.167,9.071,66.499,44.457,49.367,46.473,39.844,0.626,80520,39,2018-01-15 22:00:00,20,73,2,90,0
27.114,1.736,2428.6,0.0,9.721,168.31,1.906,0,0.0,9.156,9.061,66.626,44.277,49.277,46.387,39.77,0.617,80580,39,2018-01-15 23:00:00,20,73,2,90,0
26.892,1.716,2427.6,0.003,9.739,168.16,1.602,0,0.0,9.212,9.132,66.511,44.199,49.285,46.297,39.781,0.62,80640,39,2018-01-16 00:00:00,20,73,2,90,0
27.122,1.736,2432.0,0.004,9.751,167.88,1.695,0,0.0,9.171,9.092,66.382,44.262,49.23,46.262,39.699,0.613,80700,39,2018-01-16 01:00:00,20,73,2,90,0
27.39,1.744,2443.6,0.003,9.724,168.04,0.914,0,0.0,9.219,9.132,66.462,44.207,49.215,46.254,39.621,0.619,80760,39,2018-01-16 02:00:00,20,73,2,90,0
26.895,1.71,2445.4,0.004,9.77,168.12,1.0,0,0.0,9.196,9.104,66.491,44.211,49.121,46.27,39.691,0.62,80820,39,2018-01-16 03:00:00,20,73,2,90,0
27.089,1.724,2444.6,0.001,9.731,167.98,0.937,0,0.0,9.167,9.078,66.368,44.266,49.133,46.266,39.703,0.613,80880,39,2018-01-16 04:00:00,20,73,2,90,0
27.256,1.728,2435.2,0.001,9.736,167.91,0.766,0,0.0,9.184,9.106,66.53,44.207,49.109,46.289,39.699,0.618,80940,39,2018-01-16 05:00:00,20,73,2,90,0
27.201,1.73,2424.6,0.003,9.717,167.88,0.977,0,0.0,9.198,9.113,66.413,44.258,49.094,46.266,39.711,0.614,81000,39,2018-01-16 06:00:00,20,73,2,90,0
26.933,1.713,2369.4,0.0,9.713,167.94,0.812,0,0.0,9.193,9.109,66.643,44.289,49.098,46.266,39.77,0.61,81060,39,2018-01-16 07:00:00,20,73,2,90,0
27.045,1.704,2373.4,0.0,9.717,167.97,1.594,0,0.0,9.175,9.09,66.491,44.195,49.098,46.266,39.758,0.607,81120,39,2018-01-16 08:00:00,20,80,2,90,0
26.911,1.706,2383.4,0.001,9.742,167.88,1.664,0,0.0,9.174,9.094,66.771,44.266,49.113,46.27,39.754,0.599,81180,39,2018-01-16 09:00:00,20,80,2,90,0
27.184,1.725,2393.4,0.001,9.706,167.85,1.016,0,0.0,9.166,9.083,66.563,44.195,49.137,46.32,39.703,0.615,81240,39,2018-01-16 10:00:00,20,80,2,90,0
27.22,1.725,2405.0,0.0,9.731,167.74,0.797,0,0.0,9.151,9.052,66.507,44.297,49.113,46.266,39.687,0.609,81300,39,2018-01-16 11:00:00,20,80,2,90,0
26.862,1.698,2414.2,0.001,9.733,167.86,0.656,0,0.0,9.154,9.08,66.808,44.277,49.082,46.262,39.766,0.623,81360,39,2018-01-16 12:00:00,20,80,2,90,0
26.747,1.688,2426.2,0.001,9.748,167.8,1.328,0,0.0,9.182,9.1,66.697,44.219,49.059,46.266,39.832,0.617,81420,39,2018-01-16 13:00:00,20,80,2,90,0
27.318,1.723,2437.4,0.0,9.707,167.77,1.727,0,0.0,9.193,9.113,66.606,44.273,49.121,46.242,39.699,0.616,81480,39,2018-01-16 14:00:00,20,80,2,90,0
27.029,1.699,2442.8,0.0,9.712,167.63,0.812,0,0.0,9.168,9.075,66.526,44.199,49.137,46.25,39.699,0.618,81540,39,2018-01-16 15:00:00,20,80,2,90,0
27.035,1.718,2435.2,0.001,9.731,167.73,1.797,0,0.0,9.16,9.068,66.761,44.207,49.109,46.309,39.766,0.629,81600,39,2018-01-16 16:00:00,20,80,2,90,0
26.914,1.702,2434.2,0.001,9.744,167.77,0.734,0,0.0,9.191,9.101,66.527,44.211,49.133,46.324,39.863,0.631,81660,39,2018-01-16 17:00:00,20,80,2,90,0
27.098,1.717,2416.6,0.0,9.727,167.65,0.734,0,0.0,9.177,9.094,66.545,44.289,49.133,46.32,39.77,0.64,81720,39,2018-01-16 18:00:00,20,90,2,90,0
27.515,1.74,2387.4,0.0,9.724,167.67,1.602,0,0.0,9.172,9.082,66.576,44.207,49.191,46.324,39.691,0.623,81780,39,2018-01-16 19:00:00,20,90,2,90,0
27.706,1.763,2377.4,0.0,9.714,167.63,0.977,0,0.0,9.215,9.125,66.539,44.273,49.125,46.316,39.609,0.636,81840,39,2018-01-16 20:00:00,20,90,2,90,0
27.757,1.766,2373.4,0.001,9.715,167.88,0.844,0,0.0,9.182,9.1,66.678,44.223,49.141,46.25,39.52,0.624,81900,39,2018-01-16 21:00:00,20,90,2,90,0
27.895,1.759,2382.6,0.001,9.711,167.69,1.281,0,0.0,9.17,9.09,66.565,44.195,49.121,46.277,39.527,0.64,81960,39,2018-01-16 22:00:00,20,90,2,90,0
27.251,1.715,2426.0,0.001,9.706,167.74,0.781,0,0.0,9.161,9.071,66.561,44.211,49.082,46.262,39.691,0.623,82020,39,2018-01-16 23:00:00,20,90,2,90,0
26.962,1.702,2444.2,0.004,9.729,167.67,1.055,0,0.0,9.169,9.08,66.582,44.234,49.07,46.238,39.77,0.64,82080,39,2018-01-17 00:00:00,20,90,2,90,0
27.48,1.737,2441.2,0.0,9.731,167.51,1.461,0,0.0,9.186,9.099,66.726,44.285,49.094,46.23,39.609,0.609,82140,39,2018-01-17 01:00:00,20,90,2,90,0
27.205,1.726,2439.2,0.001,9.716,167.78,1.539,0,0.0,9.205,9.116,66.599,44.246,49.086,46.277,39.691,0.632,82200,39,2018-01-17 02:00:00,20,90,2,90,0
26.815,1.708,2434.4,0.0,9.71,167.63,1.742,0,0.0,9.169,9.077,66.732,44.211,49.098,46.25,39.77,0.622,82260,39,2018-01-17 03:00:00,20,90,2,90,0
26.964,1.705,2441.4,0.0,9.717,167.53,1.75,0,0.0,9.184,9.106,66.684,44.207,49.125,46.262,39.766,0.647,82320,39,2018-01-17 04:00:00,20,100,2,90,0
26.971,1.705,2435.8,0.003,9.753,167.58,1.078,0,0.0,9.17,9.094,66.761,44.219,49.098,46.238,39.766,0.618,82380,39,2018-01-17 05:00:00,20,100,2,90,0
27.163,1.723,2435.6,0.003,9.747,167.69,1.828,0,0.0,9.2,9.116,66.693,44.301,49.113,46.309,39.758,0.615,82440,39,2018-01-17 06:00:00,20,100,2,90,0
27.255,1.722,2433.8,0.001,9.741,167.59,1.016,0,0.0,9.198,9.118,66.557,44.285,49.133,46.27,39.691,0.615,82500,39,2018-01-17 07:00:00,20,100,2,90,0
27.009,1.711,2432.0,0.003,9.728,167.38,1.727,0,0.0,9.196,9.122,66.585,44.277,49.125,46.324,39.766,0.624,82560,39,2018-01-17 08:00:00,20,100,2,90,0
27.387,1.732,2437.4,0.0,9.706,167.54,1.023,0,0.0,9.191,9.106,66.504,44.285,49.152,46.309,39.699,0.623,82620,39,2018-01-17 09:00:00,20,100,2,90,0
27.624,1.736,2437.6,0.003,9.726,167.58,0.687,0,0.0,9.169,9.078,66.728,44.223,49.152,46.23,39.609,0.625,82680,39,2018-01-17 10:00:00,20,100,2,90,0
27.487,1.739,2433.6,0.0,9.704,167.48,0.82,0,0.0,9.221,9.144,66.536,44.285,49.137,46.32,39.684,0.625,82740,39,2018-01-17 11:00:00,20,100,2,90,0
27.079,1.717,2435.0,0.009,9.7,167.58,1.289,0,0.0,9.165,9.08,66.377,44.277,49.164,46.309,39.754,0.619,82800,39,2018-01-17 12:00:00,20,100,2,90,0
27.009,1.719,2400.6,0.0,9.702,167.48,0.953,0,0.0,9.183,9.106,66.404,44.23,49.148,46.254,39.699,0.625,82860,39,2018-01-17 13:00:00,20,100,2,90,0
27.158,1.721,2375.4,0.003,9.714,167.45,1.602,0,0.0,9.144,9.048,67.73,44.289,49.18,46.25,39.676,0.645,82920,39,2018-01-17 14:00:00,20,100,1,90,1
27.437,1.74,2377.4,0.0,9.706,168.09,1.461,0,0.0,9.206,9.115,67.937,44.297,49.215,46.324,39.691,0.627,82980,39,2018-01-17 15:00:00,20,73,1,90,0
26.743,1.706,2392.8,0.001,9.739,168.23,1.461,0,0.0,9.184,9.097,68.149,44.379,49.187,46.266,39.766,0.613,83040,39,2018-01-17 16:00:00,20,73,1,90,0
27.026,1.718,2415.2,0.0,9.704,168.16,1.898,0,0.0,9.16,9.082,67.91,44.285,49.152,46.316,39.766,0.614,83100,39,2018-01-17 17:00:00,20,73,1,90,0
27.092,1.718,2428.8,0.0,9.717,168.28,0.891,0,0.0,9.189,9.111,68.019,44.285,49.191,46.309,39.742,0.632,83160,39,2018-01-17 18:00:00,20,73,1,90,0
26.964,1.715,2390.6,0.009,9.715,168.39,0.844,0,0.0,9.147,9.059,67.911,44.277,49.203,46.309,39.766,0.615,83220,39,2018-01-17 19:00:00,20,73,1,90,0
27.753,1.747,2361.4,0.0,9.703,168.26,1.672,0,0.0,9.198,9.101,68.145,44.219,49.215,46.309,39.617,0.626,83280,39,2018-01-17 20:00:00,20,73,1,90,0
27.256,1.72,2383.4,0.008,9.724,168.26,1.75,0,0.0,9.191,9.112,68.13,44.23,49.152,46.266,39.711,0.633,83340,39,2018-01-17 21:00:00,20,73,1,90,0
27.523,1.745,2406.4,0.0,9.712,168.26,1.727,0,0.0,9.154,9.071,68.199,44.199,49.152,46.238,39.633,0.623,83400,39,2018-01-17 22:00:00,20,73,1,90,0
27.238,1.712,2423.4,0.001,9.721,168.31,1.328,0,0.0,9.151,9.06,68.227,44.285,49.113,46.309,39.703,0.645,83460,39,2018-01-17 23:00:00,20,73,1,90,0
27.39,1.727,2421.4,0.001,9.704,168.18,1.68,0,0.0,9.198,9.114,68.348,44.297,49.133,46.324,39.691,0.63,83520,39,2018-01-18 00:00:00,20,73,1,90,0
27.139,1.722,2425.0,0.004,9.71,168.38,1.25,0,0.0,9.199,9.125,68.092,44.297,49.141,46.266,39.703,0.628,83580,39,2018-01-18 01:00:00,20,80,1,90,0
27.334,1.734,2426.0,0.0,9.712,168.18,0.836,0,0.0,9.172,9.081,68.163,44.285,49.152,46.254,39.703,0.6,83640,39,2018-01-18 02:00:00,20,80,1,90,0
27.638,1.752,2401.6,0.004,9.714,168.15,1.57,0,0.0,9.203,9.117,68.124,44.289,49.18,46.316,39.691,0.63,83700,39,2018-01-18 03:00:00,20,80,1,90,0
27.109,1.714,2367.6,0.003,9.701,168.27,1.133,0,0.0,9.204,9.116,68.282,44.285,49.109,46.25,39.703,0.65,83760,39,2018-01-18 04:00:00,20,80,1,90,0
27.286,1.731,2351.4,0.001,9.693,168.27,1.547,0,0.0,9.2,9.118,68.208,44.285,49.207,46.309,39.687,0.634,83820,39,2018-01-18 05:00:00,20,80,1,90,0
27.233,1.717,2355.6,0.003,9.717,168.25,1.562,0,0.0,9.196,9.109,68.195,44.219,49.168,46.266,39.699,0.632,83880,39,2018-01-18 06:00:00,20,80,1,90,0
27.131,1.709,2365.4,0.001,9.717,168.34,1.492,0,0.0,9.187,9.108,68.051,44.223,49.141,46.305,39.691,0.629,83940,39,2018-01-18 07:00:00,20,80,1,90,0
26.539,1.677,2377.4,0.006,9.731,168.41,0.844,0,0.0,9.193,9.099,68.124,44.355,49.203,46.23,39.848,0.624,84000,39,2018-01-18 08:00:00,20,80,1,90,0
27.366,1.731,2390.8,0.001,9.724,168.31,0.812,0,0.0,9.191,9.107,68.168,44.277,49.18,46.305,39.684,0.622,84060,39,2018-01-18 09:00:00,20,80,1,90,0
27.254,1.735,2390.8,0.0,9.731,168.23,1.625,0,0.0,9.163,9.08,68.134,44.285,49.191,46.316,39.699,0.623,84120,39,2018-01-18 10:00:00,20,80,1,90,0
27.001,1.711,2407.8,0.001,9.714,168.25,0.875,0,0.0,9.17,9.083,68.216,44.289,49.191,46.305,39.77,0.654,84180,39,2018-01-18 11:00:00,20,90,1,90,0
27.462,1.735,2414.4,0.004,9.736,168.27,0.898,0,0.0,9.196,9.118,68.03,44.199,49.176,46.32,39.691,0.622,84240,39,2018-01-18 12:00:00,20,90,1,90,0
26.995,1.698,2425.2,0.006,9.744,168.19,1.023,0,0.0,9.162,9.075,68.161,44.297,49.18,46.242,39.754,0.629,84300,39,2018-01-18 13:00:00,20,90,1,90,0
27.288,1.716,2421.2,0.0,9.704,168.27,0.844,0,0.0,9.193,9.115,67.893,44.316,49.203,46.316,39.754,0.637,84360,39,2018-01-18 14:00:00,20,90,1,90,0
26.835,1.695,2375.6,0.003,9.738,168.31,0.812,0,0.556,9.156,9.077,68.093,44.363,49.207,46.305,39.855,0.62,84420,39,2018-01-18 15:00:00,20,90,1,90,0
26.945,1.688,2363.4,0.001,9.708,168.31,0.633,0,0.0,9.186,9.099,67.975,44.355,49.215,46.305,39.844,0.649,84480,39,2018-01-18 16:00:00,20,90,1,90,0
26.935,1.692,2375.4,0.005,9.717,168.21,0.766,0,0.0,9.178,9.092,67.961,44.363,49.23,46.305,39.828,0.623,84540,39,2018-01-18 17:00:00,20,90,1,90,0
27.2,1.719,2379.4,0.0,9.711,168.15,0.875,0,0.0,9.196,9.117,68.015,44.383,49.219,46.398,39.844,0.623,84600,39,2018-01-18 18:00:00,20,90,1,90,0
27.058,1.71,2403.6,0.004,9.733,168.16,0.742,0,0.0,9.163,9.071,68.158,44.43,49.27,46.359,39.848,0.632,84660,39,2018-01-18 19:00:00,20,90,1,90,0
27.047,1.698,2417.8,0.003,9.693,168.12,0.758,0,0.0,9.183,9.103,68.144,44.379,49.273,46.332,39.844,0.637,84720,39,2018-01-18 20:00:00,20,90,1,90,0
27.237,1.716,2425.2,0.001,9.724,168.1,0.875,0,0.0,9.167,9.086,68.209,44.371,49.277,46.469,39.836,0.617,84780,39,2018-01-18 21:00:00,20,100,1,90,0
27.161,1.707,2371.6,0.0,9.706,168.08,0.766,0,0.0,9.158,9.064,68.327,44.363,49.273,46.387,39.844,0.626,84840,39,2018-01-18 22:00:00,20,100,1,90,0
27.507,1.739,2367.4,0.003,9.709,168.41,0.891,0,0.0,9.168,9.106,68.217,44.367,49.273,46.398,39.758,0.616,84900,39,2018-01-18 23:00:00,20,100,1,90,0
27.26,1.716,2385.2,0.0,9.706,168.1,0.859,0,0.0,9.142,9.054,68.25,44.371,49.273,46.48,39.848,0.627,84960,39,2018-01-19 00:00:00,20,100,1,90,0
27.313,1.713,2403.6,0.003,9.723,168.27,0.969,0,0.0,9.186,9.104,68.172,44.355,49.289,46.391,39.836,0.617,85020,39,2018-01-19 01:00:00,20,100,1,90,0
27.176,1.712,2421.2,0.004,9.726,168.13,0.875,0,0.0,9.165,9.08,68.018,44.449,49.289,46.398,39.848,0.64,85080,39,2018-01-19 02:00:00,20,100,1,90,0
27.127,1.715,2415.6,0.009,9.708,168.19,0.734,0,0.0,9.137,9.049,68.031,44.449,49.285,46.391,39.859,0.621,85140,39,2018-01-19 03:00:00,20,100,1,90,0
27.111,1.714,2349.4,0.0,9.711,168.18,0.734,0,0.0,9.176,9.089,68.325,44.449,49.297,46.402,39.859,0.621,85200,39,2018-01-19 04:00:00,20,100,1,90,0
27.244,1.715,2351.4,0.0,9.724,167.91,0.609,0,0.0,9.129,9.052,67.923,44.437,49.289,46.387,39.844,0.628,85260,39,2018-01-19 05:00:00,20,100,1,90,0
27.112,1.72,2355.4,0.001,9.709,168.4,0.781,0,0.0,9.189,9.1,68.161,44.437,49.273,46.41,39.832,0.641,85320,39,2018-01-19 06:00:00,20,100,1,90,0
27.035,1.715,2359.4,0.003,9.728,168.17,0.867,0,0.0,9.144,9.065,70.722,44.457,49.301,46.457,39.926,0.622,85380,39,2018-01-19 07:00:00,20,100,0,90,1
27.196,1.717,2355.4,0.0,9.731,169.38,0.844,0,0.0,9.163,9.073,70.836,44.461,49.262,46.473,39.937,0.633,85440,39,2018-01-19 08:00:00,20,73,0,90,0
27.183,1.714,2367.4,0.001,9.721,169.64,0.687,0,0.0,9.136,9.043,70.903,44.625,49.363,46.492,39.914,0.617,85500,39,2018-01-19 09:00:00,20,73,0,90,0
27.402,1.731,2381.0,0.001,9.708,169.44,0.766,0,0.0,9.163,9.075,71.138,44.617,49.445,46.562,39.937,0.638,85560,39,2018-01-19 10:00:00,20,73,0,90,0
27.455,1.736,2395.6,0.001,9.706,169.66,1.648,0,0.0,9.131,9.045,70.898,44.637,49.473,46.559,39.859,0.622,85620,39,2018-01-19 11:00:00,20,73,0,90,0
26.956,1.712,2406.2,0.0,9.715,169.31,0.687,0,0.0,9.158,9.068,70.872,44.609,49.516,46.566,40.02,0.608,85680,39,2018-01-19 12:00:00,20,73,0,90,0
27.17,1.73,2420.6,0.0,9.694,169.37,0.766,0,0.0,9.134,9.041,70.91,44.625,49.52,46.66,40.027,0.622,85740,39,2018-01-19 13:00:00,20,73,0,90,0
26.899,1.719,2412.0,0.0,9.701,169.49,0.742,0,0.0,9.132,9.047,70.909,44.648,49.516,46.66,40.102,0.618,85800,39,2018-01-19 14:00:00,20,73,0,90,0
27.346,1.752,2378.4,0.008,9.722,169.53,0.656,0,0.0,9.165,9.092,70.983,44.625,49.543,46.687,40.02,0.644,85860,39,2018-01-19 15:00:00,20,73,0,90,0
26.92,1.717,2345.4,0.001,9.707,169.29,1.68,0,0.0,9.167,9.073,70.913,44.699,49.535,46.645,40.082,0.612,85920,39,2018-01-19 16:00:00,20,73,0,90,0
27.342,1.746,2353.4,0.003,9.704,169.52,1.539,0,0.0,9.112,9.024,70.846,44.691,49.543,46.668,40.008,0.618,85980,39,2018-01-19 17:00:00,20,73,0,90,0
27.622,1.756,2361.4,0.005,9.706,169.22,0.797,0,0.0,9.118,9.032,70.862,44.703,49.559,46.738,40.008,0.629,86040,39,2018-01-19 18:00:00,20,80,0,90,0
27.168,1.727,2375.2,0.001,9.682,169.42,1.68,0,0.0,9.102,9.009,70.874,44.699,49.586,46.699,40.094,0.618,86100,39,2018-01-19 19:00:00,20,80,0,90,0
26.991,1.719,2386.0,0.0,9.671,169.53,1.562,0,0.0,9.137,9.059,71.02,44.766,49.598,46.75,40.191,0.618,86160,39,2018-01-19 20:00:00,20,80,0,90,0
27.349,1.76,2416.2,0.001,9.726,169.36,1.516,0,0.0,9.167,9.09,70.526,44.766,49.609,46.75,40.004,0.66,86220,39,2018-01-19 21:00:00,20,80,0,90,0
27.19,1.765,2427.0,0.005,9.681,169.41,1.68,0,0.0,9.142,9.054,70.648,44.637,49.668,46.687,40.008,0.635,86280,39,2018-01-19 22:00:00,20,80,0,90,0
27.19,1.755,2432.2,0.0,9.723,169.38,0.82,0,0.0,9.129,9.043,70.656,44.711,49.582,46.687,40.004,0.607,86340,39,2018-01-19 23:00:00,20,80,0,90,0
27.311,1.746,2415.0,0.0,9.716,169.44,1.695,0,0.0,9.181,9.09,70.682,44.691,49.621,46.66,40.027,0.635,86400,39,2018-01-20 00:00:00,20,80,0,90,0
27.381,1.752,2391.4,0.003,9.708,169.46,1.484,0,0.0,9.151,9.061,70.822,44.691,49.598,46.699,40.102,0.602,86460,39,2018-01-20 01:00:00,20,80,0,90,0
27.373,1.756,2351.6,0.001,9.736,169.63,1.516,0,0.0,9.128,9.034,70.897,44.691,49.629,46.672,40.098,0.601,86520,39,2018-01-20 02:00:00,20,80,0,90,0
27.266,1.737,2355.4,0.001,9.717,169.5,1.461,0,0.0,9.135,9.057,70.536,44.77,49.625,46.734,40.094,0.604,86580,39,2018-01-20 03:00:00,20,80,0,90,0
27.022,1.719,2351.4,0.001,9.706,169.52,1.516,0,0.0,9.12,9.043,70.704,44.687,49.648,46.742,40.18,0.608,86640,39,2018-01-20 04:00:00,20,90,0,90,0
27.266,1.739,2419.0,0.0,9.731,169.56,1.492,0,0.0,9.184,9.094,70.575,44.766,49.625,46.727,40.094,0.603,86700,39,2018-01-20 05:00:00,20,90,0,90,0
27.263,1.741,2426.6,0.0,9.747,169.4,1.523,0,0.0,9.167,9.073,70.598,44.758,49.676,46.676,40.098,0.602,86760,39,2018-01-20 06:00:00,20,90,0,90,0
27.534,1.759,2430.6,0.001,9.723,169.58,0.719,0,0.0,9.13,9.036,70.502,44.77,49.684,46.816,40.191,0.602,86820,39,2018-01-20 07:00:00,20,90,0,90,0
27.462,1.744,2433.4,0.005,9.742,169.53,1.648,0,0.0,9.177,9.083,70.708,44.766,49.684,46.816,40.176,0.601,86880,39,2018-01-20 08:00:00,20,90,0,90,0
27.531,1.74,2430.2,0.0,9.716,169.41,1.281,0,0.0,9.158,9.073,70.747,44.848,49.707,46.816,40.18,0.618,86940,39,2018-01-20 09:00:00,20,90,0,90,0
27.484,1.741,2429.2,0.004,9.741,169.53,0.656,0,0.0,9.165,9.073,70.478,44.855,49.711,46.855,40.27,0.596,87000,39,2018-01-20 10:00:00,20,90,0,90,0
27.508,1.739,2431.0,0.0,9.731,169.46,1.0,0,0.0,9.13,9.052,70.522,44.859,49.746,46.91,40.258,0.605,87060,39,2018-01-20 11:00:00,20,90,0,90,0
27.664,1.738,2426.0,0.0,9.71,169.42,0.687,0,0.0,9.113,9.026,70.62,44.848,49.758,46.891,40.258,0.599,87120,39,2018-01-20 12:00:00,20,90,0,90,0
27.519,1.739,2436.0,0.001,9.741,169.52,1.055,0,0.0,9.169,9.081,70.654,44.855,49.805,46.918,40.273,0.603,87180,39,2018-01-20 13:00:00,20,90,0,90,0
27.524,1.74,2427.8,0.0,9.702,169.29,1.703,0,0.0,9.152,9.077,70.904,44.883,49.758,46.91,40.254,0.609,87240,39,2018-01-20 14:00:00,20,100,0,90,0
27.381,1.744,2429.4,0.001,9.737,169.31,0.687,0,0.0,9.162,9.08,70.582,44.859,49.793,46.91,40.266,0.6,87300,39,2018-01-20 15:00:00,20,100,0,90,0
27.083,1.719,2426.2,0.001,9.716,169.56,0.797,0,0.0,9.144,9.068,70.873,44.859,49.785,46.898,40.348,0.611,87360,39,2018-01-20 16:00:00,20,100,0,90,0
27.235,1.715,2422.6,0.001,9.72,169.48,0.797,0,0.0,9.144,9.059,70.793,44.941,49.801,46.914,40.352,0.607,87420,39,2018-01-20 17:00:00,20,100,0,90,0
27.231,1.719,2420.8,0.003,9.717,169.36,0.812,0,0.0,9.106,9.019,70.662,45.031,49.801,46.91,40.359,0.606,87480,39,2018-01-20 18:00:00,20,100,0,90,0
27.491,1.744,2418.6,0.004,9.707,169.22,0.703,0,0.0,9.115,9.031,70.976,44.949,49.805,46.992,40.344,0.603,87540,39,2018-01-20 19:00:00,20,100,0,90,0
27.657,1.739,2415.4,0.003,9.693,169.47,1.523,0,0.0,9.132,9.047,70.861,45.02,49.828,46.996,40.344,0.6,87600,39,2018-01-20 20:00:00,20,100,0,90,0
28.025,1.765,2413.8,0.0,9.711,169.2,1.727,0,0.0,9.125,9.038,70.714,45.02,49.801,47.074,40.332,0.617,87660,39,2018-01-20 21:00:00,20,100,0,90,0
27.751,1.742,2399.4,0.0,9.699,169.56,1.594,0,0.0,9.125,9.04,70.851,45.016,49.859,47.086,40.445,0.622,87720,39,2018-01-20 22:00:00,20,100,0,90,0
27.46,1.726,2388.8,0.004,9.73,169.44,0.719,0,0.0,9.144,9.059,70.85,45.035,49.883,46.996,40.437,0.606,87780,39,2018-01-20 23:00:00,20,100,0,90,0
39.669,2.47,2379.2,0.0,9.747,169.23,1.594,0,0.0,9.13,9.039,70.659,44.844,49.816,46.996,37.398,0.628,87840,39,2018-01-21 00:00:00,100,100,0,90,1
45.139,2.803,2377.4,0.003,9.543,169.59,0.875,0,0.0,9.282,9.186,70.243,43.199,49.031,46.492,35.613,0.637,87900,39,2018-01-21 01:00:00,100,100,0,90,1
46.242,2.837,2389.4,0.0,9.575,169.98,1.828,0,2.219,9.362,9.265,70.063,41.867,48.051,45.805,34.879,0.623,87960,39,2018-01-21 02:00:00,100,100,0,90,1
46.525,2.774,2391.4,0.0,9.608,170.33,1.664,0,0.737,9.493,9.389,69.495,40.863,47.047,44.746,34.121,0.633,88020,39,2018-01-21 03:00:00,100,100,0,90,1
46.934,2.721,2395.4,0.0,9.691,170.59,1.07,0,1.529,9.607,9.515,69.843,40.109,46.207,43.949,33.527,0.629,88080,39,2018-01-21 04:00:00,100,100,0,90,1
46.962,2.68,2393.6,0.005,9.751,171.06,1.977,0,0.927,9.632,9.535,69.972,39.52,45.484,43.227,33.125,0.633,88140,39,2018-01-21 05:00:00,100,100,0,90,1
47.286,2.619,2461.6,0.0,9.838,171.27,1.109,0,0.484,9.662,9.558,69.45,38.937,44.937,42.559,32.695,0.599,88200,39,2018-01-21 06:00:00,100,100,0,90,1
47.172,2.577,2480.6,0.001,9.854,171.41,1.227,0,0.0,9.753,9.646,69.966,38.516,44.387,41.992,32.387,0.606,88260,39,2018-01-21 07:00:00,100,100,0,90,1
47.154,2.533,2488.6,0.0,9.956,171.62,1.047,0,1.351,9.739,9.632,69.704,38.098,43.977,41.57,32.121,0.597,88320,39,2018-01-21 08:00:00,100,100,0,90,1
47.078,2.496,2495.8,0.001,9.996,171.94,1.906,0,0.529,9.733,9.618,69.742,37.754,43.621,41.195,31.887,0.592,88380,39,2018-01-21 09:00:00,100,100,0,90,1
47.011,2.448,2490.4,0.0,9.999,171.86,1.883,0,1.939,9.792,9.687,69.658,37.531,43.281,40.793,31.719,0.593,88440,39,2018-01-21 10:00:00,100,100,0,90,1
47.273,2.414,2488.6,0.001,10.019,172.01,1.391,0,1.069,9.802,9.689,69.806,37.273,43.039,40.52,31.547,0.59,88500,39,2018-01-21 11:00:00,100,100,0,90,1
47.126,2.394,2477.2,0.0,10.084,172.14,1.195,0,0.0,9.79,9.682,69.589,36.992,42.785,40.18,31.371,0.596,88560,39,2018-01-21 12:00:00,100,100,0,90,1
46.942,2.346,2472.0,0.003,10.046,172.05,1.883,0,0.345,9.851,9.733,69.601,36.906,42.609,39.953,31.293,0.591,88620,39,2018-01-21 13:00:00,100,100,0,90,1
46.771,2.333,2470.6,0.001,10.086,172.27,1.258,0,0.311,9.835,9.727,69.549,36.676,42.371,39.75,31.223,0.587,88680,39,2018-01-21 14:00:00,100,100,0,90,1
46.698,2.3,2461.2,0.0,10.094,172.45,1.07,0,0.336,9.899,9.785,69.287,36.582,42.262,39.602,31.137,0.589,88740,39,2018-01-21 15:00:00,100,100,0,90,1
47.648,2.332,2449.4,0.0,10.116,172.41,1.211,0,0.839,9.884,9.767,69.345,36.422,42.16,39.422,30.879,0.592,88800,39,2018-01-21 16:00:00,100,100,0,90,1
47.306,2.306,2437.4,0.0,10.146,172.41,2.164,0,1.327,9.89,9.787,69.267,36.32,41.922,39.344,30.895,0.582,88860,39,2018-01-21 17:00:00,100,100,0,90,1
46.773,2.269,2435.4,0.001,10.142,172.53,1.906,0,1.278,9.876,9.764,69.374,36.32,41.902,39.195,30.895,0.592,88920,39,2018-01-21 18:00:00,100,100,0,90,1
47.0,2.262,2452.6,0.0,10.123,172.49,2.297,0,0.53,9.936,9.812,69.75,36.238,41.832,39.09,30.816,0.595,88980,39,2018-01-21 19:00:00,100,100,0,90,1
46.676,2.232,2472.4,0.004,10.137,172.44,1.203,0,0.681,9.932,9.812,69.685,36.156,41.754,38.949,30.801,0.577,89040,39,2018-01-21 20:00:00,100,100,0,90,1
47.097,2.238,2472.6,0.0,10.143,172.76,1.68,0,1.398,9.953,9.833,69.273,36.008,41.652,38.926,30.711,0.577,89100,39,2018-01-21 21:00:00,100,100,0,90,1
47.251,2.242,2501.6,0.003,10.136,172.73,2.242,0,0.793,9.932,9.809,69.785,35.992,41.59,38.836,30.633,0.59,89160,39,2018-01-21 22:00:00,100,100,0,90,1
46.42,2.19,2509.2,0.001,10.153,172.73,1.195,0,0.532,9.952,9.835,69.661,35.918,41.574,38.762,30.734,0.577,89220,39,2018-01-21 23:00:00,100,100,0,90,1
46.919,2.221,2518.6,0.003,10.201,172.81,1.281,0,0.0,9.934,9.806,69.28,35.895,41.496,38.723,30.645,0.609,89280,39,2018-01-22 00:00:00,100,100,0,90,1
47.02,2.22,2525.2,0.001,10.154,172.81,1.258,0,0.0,9.935,9.825,69.277,35.902,41.453,38.727,30.645,0.584,89340,39,2018-01-22 01:00:00,100,100,0,90,1
46.395,2.197,2516.6,0.005,10.161,173.02,1.25,0,1.28,9.948,9.833,69.53,35.84,41.34,38.684,30.645,0.589,89400,39,2018-01-22 02:00:00,100,100,0,90,1
46.572,2.174,2516.0,0.003,10.138,172.94,1.172,0,2.884,9.96,9.833,69.769,35.84,41.316,38.656,30.652,0.596,89460,39,2018-01-22 03:00:00,100,100,0,90,1
46.455,2.174,2511.8,0.0,10.146,172.97,2.086,0,1.37,9.942,9.816,69.359,35.734,41.316,38.578,30.645,0.602,89520,39,2018-01-22 04:00:00,100,100,0,90,1
46.311,2.15,2507.0,0.0,10.138,172.99,1.961,0,3.21,9.944,9.828,69.813,35.742,41.328,38.52,30.645,0.593,89580,39,2018-01-22 05:00:00,100,100,0,90,1
46.307,2.158,2502.6,0.001,10.162,172.88,2.352,0,1.948,9.931,9.814,69.429,35.746,41.328,38.535,30.66,0.591,89640,39,2018-01-22 06:00:00,100,100,0,90,1
46.251,2.152,2509.2,0.0,10.136,173.09,2.109,0,1.923,9.953,9.835,69.728,35.652,41.297,38.586,30.672,0.59,89700,39,2018-01-22 07:00:00,100,100,0,90,1
46.187,2.136,2510.2,0.0,10.105,172.91,1.562,0,0.651,9.969,9.853,69.698,35.66,41.258,38.496,30.668,0.585,89760,39,2018-01-22 08:00:00,100,100,0,90,1
45.88,2.115,2519.4,0.001,10.125,173.08,2.406,0,0.752,9.997,9.87,69.902,35.648,41.234,38.43,30.66,0.593,89820,39,2018-01-22 09:00:00,100,100,0,90,1
46.668,2.167,2517.2,0.0,10.136,173.0,2.031,0,1.792,9.982,9.856,69.639,35.648,41.23,38.496,30.578,0.589,89880,39,2018-01-22 10:00:00,100,100,0,90,1
46.564,2.152,2510.6,0.001,10.136,172.88,2.344,0,0.82,9.991,9.868,69.872,35.637,41.223,38.414,30.555,0.587,89940,39,2018-01-22 11:00:00,100,100,0,90,1
46.301,2.145,2518.6,0.001,10.143,173.02,1.977,0,0.799,9.995,9.873,69.79,35.664,41.207,38.402,30.574,0.586,90000,39,2018-01-22 12:00:00,100,100,0,90,1
45.971,2.119,2514.6,0.003,10.159,172.89,1.898,0,0.907,9.945,9.821,69.799,35.586,41.168,38.426,30.641,0.576,90060,39,2018-01-22 13:00:00,100,100,0,90,1
45.898,2.13,2516.2,0.0,10.137,172.86,2.164,0,1.615,9.998,9.866,69.948,35.668,41.148,38.414,30.633,0.586,90120,39,2018-01-22 14:00:00,100,100,0,90,1
46.111,2.134,2512.6,0.003,10.162,172.96,1.312,0,0.866,9.95,9.83,69.797,35.566,41.164,38.414,30.645,0.582,90180,39,2018-01-22 15:00:00,100,100,0,90,1
46.01,2.132,2511.0,0.001,10.151,173.03,1.906,0,1.163,9.993,9.868,69.575,35.664,41.156,38.43,30.645,0.578,90240,39,2018-01-22 16:00:00,100,100,0,90,1
45.615,2.096,2513.6,0.001,10.149,173.13,1.328,0,1.318,9.955,9.824,69.506,35.648,41.152,38.332,30.645,0.58,90300,39,2018-01-22 17:00:00,100,100,0,90,1
46.079,2.131,2513.4,0.001,10.154,172.94,1.148,0,2.372,9.993,9.861,69.696,35.574,41.156,38.332,30.574,0.586,90360,39,2018-01-22 18:00:00,100,100,0,90,1
46.148,2.133,2507.6,0.003,10.165,173.15,1.977,0,0.855,9.944,9.816,69.551,35.582,41.148,38.352,30.562,0.582,90420,39,2018-01-22 19:00:00,100,100,0,90,1
46.197,2.131,2511.4,0.001,10.143,173.02,1.977,0,1.234,9.999,9.878,69.488,35.566,41.137,38.371,30.562,0.579,90480,39,2018-01-22 20:00:00,100,100,0,90,1
46.148,2.126,2516.2,0.001,10.156,173.16,2.086,0,1.237,9.962,9.833,69.755,35.57,41.141,38.387,30.566,0.575,90540,39,2018-01-22 21:00:00,100,100,0,90,1
46.029,2.122,2515.6,0.0,10.174,173.0,2.055,0,0.667,9.943,9.819,69.764,35.574,41.137,38.32,30.578,0.569,90600,39,2018-01-22 22:00:00,100,100,0,90,1
46.36,2.141,2512.4,0.0,10.156,173.21,1.25,0,0.545,9.997,9.863,69.826,35.559,41.129,38.336,30.574,0.576,90660,39,2018-01-22 23:00:00,100,100,0,90,1
46.253,2.145,2518.0,0.0,10.189,172.97,1.109,0,1.184,9.95,9.818,69.695,35.586,41.164,38.332,30.566,0.572,90720,39,2018-01-23 00:00:00,100,100,0,90,1
46.09,2.119,2521.2,0.0,10.176,173.05,2.32,0,0.722,10.009,9.882,69.72,35.555,41.18,38.336,30.574,0.587,90780,39,2018-01-23 01:00:00,100,100,0,90,1
46.755,2.156,2517.6,0.003,10.184,173.27,2.109,0,1.013,9.976,9.846,69.46,35.57,41.141,38.344,30.48,0.584,90840,39,2018-01-23 02:00:00,100,100,0,90,1
46.543,2.148,2479.6,0.004,10.154,173.0,1.18,0,1.073,9.948,9.832,69.891,35.57,41.125,38.348,30.48,0.581,90900,39,2018-01-23 03:00:00,100,100,0,90,1
46.268,2.132,2437.4,0.0,10.161,173.11,2.289,0,1.02,9.948,9.811,69.669,35.664,41.141,38.363,30.555,0.573,90960,39,2018-01-23 04:00:00,100,100,0,90,1
46.65,2.153,2443.4,0.001,10.171,172.94,1.281,0,4.13,9.955,9.823,69.87,35.594,41.129,38.359,30.473,0.595,91020,39,2018-01-23 05:00:00,100,100,0,90,1
46.339,2.132,2449.4,0.001,10.194,172.98,1.18,0,0.0,9.962,9.838,69.454,35.566,41.125,38.352,30.566,0.581,91080,39,2018-01-23 06:00:00,100,100,0,90,1
46.484,2.141,2447.4,0.001,10.162,173.02,1.258,0,0.766,9.998,9.864,69.489,35.586,41.125,38.348,30.496,0.572,91140,39,2018-01-23 07:00:00,100,100,0,90,1
46.259,2.142,2445.4,0.0,10.154,173.02,2.266,0,0.659,9.972,9.854,69.723,35.582,41.137,38.359,30.562,0.586,91200,39,2018-01-23 08:00:00,100,100,0,90,1
46.398,2.135,2445.4,0.001,10.149,173.3,1.227,0,0.845,9.943,9.83,69.886,35.574,41.129,38.363,30.547,0.596,91260,39,2018-01-23 09:00:00,100,100,0,90,1
46.343,2.14,2441.4,0.001,10.156,173.29,1.195,0,0.855,9.947,9.827,69.878,35.57,41.125,38.348,30.566,0.593,91320,39,2018-01-23 10:00:00,100,100,0,90,1
46.266,2.127,2447.4,0.0,10.145,173.24,2.117,0,0.515,9.98,9.852,69.914,35.488,41.125,38.352,30.547,0.588,91380,39,2018-01-23 11:00:00,100,100,0,90,1
46.816,2.162,2435.4,0.0,10.131,173.22,1.133,0,0.888,9.984,9.864,69.964,35.594,41.129,38.363,30.48,0.589,91440,39,2018-01-23 12:00:00,100,100,0,90,1
46.33,2.134,2435.4,0.0,10.154,173.1,2.07,0,1.241,9.967,9.843,69.812,35.574,41.141,38.371,30.562,0.578,91500,39,2018-01-23 13:00:00,100,100,0,90,1
46.261,2.134,2435.4,0.0,10.161,173.2,1.227,0,0.123,9.967,9.846,69.763,35.598,41.121,38.371,30.566,0.589,91560,39,2018-01-23 14:00:00,100,100,0,90,1
46.733,2.16,2437.4,0.003,10.18,173.24,1.234,0,0.47,9.952,9.828,70.02,35.582,41.125,38.363,30.48,0.589,91620,39,2018-01-23 15:00:00,100,100,0,90,1
46.316,2.137,2443.4,0.0,10.163,173.24,1.977,0,0.0,9.957,9.833,69.918,35.488,41.055,38.352,30.555,0.582,91680,39,2018-01-23 16:00:00,100,100,0,90,1
46.534,2.135,2437.4,0.0,10.15,173.34,1.234,0,0.513,9.991,9.868,69.575,35.477,41.082,38.348,30.484,0.593,91740,39,2018-01-23 17:00:00,100,100,0,90,1
46.293,2.132,2433.6,0.001,10.145,173.22,1.102,0,0.53,10.004,9.875,69.789,35.586,41.074,38.348,30.555,0.585,91800,39,2018-01-23 18:00:00,100,100,0,90,1
46.104,2.134,2503.2,0.0,10.161,173.37,1.312,0,0.831,9.98,9.861,70.034,35.594,41.043,38.371,30.566,0.609,91860,39,2018-01-23 19:00:00,100,100,0,90,1
46.098,2.136,2517.4,0.0,10.167,173.2,1.258,0,1.617,9.946,9.822,69.828,35.574,41.07,38.352,30.59,0.602,91920,39,2018-01-23 20:00:00,100,100,0,90,1
46.222,2.134,2509.4,0.0,10.162,173.23,1.391,0,1.141,9.953,9.823,69.887,35.586,41.043,38.359,30.562,0.58,91980,39,2018-01-23 21:00:00,100,100,0,90,1
46.708,2.157,2497.8,0.0,10.167,173.24,1.195,0,1.362,9.947,9.825,69.649,35.574,41.07,38.359,30.484,0.582,92040,39,2018-01-23 22:00:00,100,100,0,90,1
46.284,2.135,2495.6,0.0,10.163,173.21,1.359,0,1.171,10.014,9.889,69.718,35.586,41.059,38.344,30.562,0.582,92100,39,2018-01-23 23:00:00,100,100,0,90,1
46.353,2.141,2484.8,0.001,10.176,173.13,1.273,0,1.332,9.958,9.825,69.699,35.574,41.047,38.344,30.562,0.578,92160,39,2018-01-24 00:00:00,100,100,0,90,1
46.247,2.143,2472.0,0.0,10.166,173.32,1.859,0,2.614,9.999,9.876,69.902,35.582,41.066,38.371,30.562,0.576,92220,39,2018-01-24 01:00:00,100,100,0,90,1
46.755,2.163,2463.4,0.0,10.182,173.18,1.289,0,2.448,9.936,9.818,69.888,35.492,41.055,38.359,30.48,0.582,92280,39,2018-01-24 02:00:00,100,100,0,90,1
46.84,2.164,2459.4,0.001,10.174,173.27,1.078,0,2.002,9.983,9.87,69.868,35.574,41.059,38.375,30.48,0.594,92340,39,2018-01-24 03:00:00,100,100,0,90,1
46.259,2.144,2447.4,0.0,10.161,173.21,1.156,0,1.782,9.983,9.861,69.848,35.582,41.082,38.352,30.562,0.581,92400,39,2018-01-24 04:00:00,100,100,0,90,1
46.328,2.145,2441.4,0.0,10.196,173.38,1.93,0,2.141,9.949,9.814,69.849,35.586,41.082,38.344,30.551,0.589,92460,39,2018-01-24 05:00:00,100,100,0,90,1
46.279,2.142,2447.4,0.0,10.158,173.15,1.25,0,2.102,9.936,9.817,69.95,35.586,41.07,38.324,30.551,0.594,92520,39,2018-01-24 06:00:00,100,100,0,90,1
46.392,2.143,2447.4,0.001,10.172,173.16,1.336,0,1.869,9.974,9.849,69.761,35.582,41.113,38.32,30.555,0.583,92580,39,2018-01-24 07:00:00,100,100,0,90,1
46.223,2.137,2447.4,0.0,10.166,173.13,2.062,0,2.077,9.993,9.873,69.706,35.586,41.113,38.371,30.551,0.593,92640,39,2018-01-24 08:00:00,100,100,0,90,1
46.343,2.145,2447.4,0.001,10.189,173.13,2.352,0,2.255,9.96,9.839,69.893,35.586,41.066,38.344,30.566,0.592,92700,39,2018-01-24 09:00:00,100,100,0,90,1
46.293,2.142,2443.4,0.0,10.176,173.23,1.352,0,2.467,9.945,9.812,69.9,35.594,41.07,38.352,30.574,0.587,92760,39,2018-01-24 10:00:00,100,100,0,90,1
46.803,2.162,2441.4,0.0,10.194,173.23,1.18,0,2.752,9.953,9.833,69.636,35.598,41.094,38.371,30.469,0.6,92820,39,2018-01-24 11:00:00,100,100,0,90,1
46.519,2.144,2435.6,0.0,10.178,173.33,2.055,0,2.851,10.002,9.881,69.782,35.586,41.098,38.371,30.547,0.582,92880,39,2018-01-24 12:00:00,100,100,0,90,1
46.415,2.138,2456.6,0.003,10.182,173.13,1.203,0,1.866,9.946,9.819,69.839,35.594,41.102,38.375,30.562,0.594,92940,39,2018-01-24 13:00:00,100,100,0,90,1
46.498,2.14,2457.4,0.003,10.183,173.18,1.289,0,1.827,9.967,9.851,69.771,35.582,41.125,38.363,30.562,0.587,93000,39,2018-01-24 14:00:00,100,100,0,90,1
46.465,2.134,2456.4,0.001,10.182,173.31,1.195,0,2.157,9.992,9.878,69.467,35.594,41.125,38.324,30.574,0.581,93060,39,2018-01-24 15:00:00,100,100,0,90,1
46.522,2.145,2500.4,0.003,10.192,173.18,1.328,0,3.645,9.951,9.83,69.814,35.602,41.125,38.375,30.551,0.582,93120,39,2018-01-24 16:00:00,100,100,0,90,1
46.103,2.117,2499.6,0.0,10.187,173.33,1.797,0,2.848,9.942,9.819,69.777,35.594,41.094,38.387,30.652,0.576,93180,39,2018-01-24 17:00:00,100,100,0,90,1
46.567,2.134,2458.4,0.0,10.159,173.4,1.984,0,2.698,9.954,9.829,69.918,35.586,41.086,38.348,30.551,0.584,93240,39,2018-01-24 18:00:00,100,100,0,90,1
46.544,2.14,2478.6,0.0,10.177,173.13,1.172,0,3.372,9.972,9.842,69.579,35.68,41.074,38.41,30.551,0.575,93300,39,2018-01-24 19:00:00,100,100,0,90,1
46.449,2.134,2475.4,0.0,10.178,173.27,2.031,0,3.28,9.96,9.833,69.783,35.598,41.148,38.375,30.562,0.571,93360,39,2018-01-24 20:00:00,100,100,0,90,1
46.849,2.149,2499.6,0.0,10.172,173.11,1.797,0,4.086,9.991,9.859,69.811,35.687,41.152,38.41,30.574,0.581,93420,39,2018-01-24 21:00:00,100,100,0,90,1
46.871,2.141,2513.6,0.0,10.193,173.18,1.273,0,3.863,9.937,9.81,69.976,35.66,41.168,38.371,30.551,0.591,93480,39,2018-01-24 22:00:00,100,100,0,90,1
46.777,2.143,2522.2,0.0,10.193,173.18,1.125,0,3.559,9.962,9.835,69.907,35.687,41.148,38.336,30.555,0.583,93540,39,2018-01-24 23:00:00,100,100,0,90,1
46.824,2.139,2504.8,0.0,10.187,173.21,2.297,0,1.68,9.989,9.868,69.887,35.687,41.176,38.391,30.551,0.594,93600,39,2018-01-25 00:00:00,100,100,0,90,1
47.072,2.163,2486.2,0.0,10.177,173.22,1.211,0,1.062,9.969,9.843,69.584,35.691,41.18,38.453,30.562,0.579,93660,39,2018-01-25 01:00:00,100,100,0,90,1
46.882,2.155,2461.4,0.0,10.2,173.2,1.883,0,1.089,9.941,9.806,69.913,35.676,41.168,38.437,30.562,0.579,93720,39,2018-01-25 02:00:00,100,100,0,90,1
46.513,2.142,2452.0,0.0,10.189,173.32,1.742,0,1.077,9.979,9.849,69.882,35.691,41.211,38.445,30.652,0.581,93780,39,2018-01-25 03:00:00,100,100,0,90,1
46.63,2.139,2439.4,0.0,10.184,173.21,2.062,0,1.302,9.937,9.824,69.399,35.687,41.207,38.445,30.551,0.578,93840,39,2018-01-25 04:00:00,100,100,0,90,1
46.513,2.133,2455.6,0.0,10.186,173.13,1.75,0,1.848,9.958,9.836,69.611,35.68,41.219,38.465,30.633,0.588,93900,39,2018-01-25 05:00:00,100,100,0,90,1
46.712,2.14,2458.4,0.0,10.176,173.16,2.422,0,3.575,9.964,9.835,69.652,35.695,41.223,38.418,30.641,0.569,93960,39,2018-01-25 06:00:00,100,100,0,90,1
46.357,2.131,2455.4,0.0,10.173,173.08,1.82,0,0.828,9.955,9.833,69.398,35.695,41.242,38.445,30.641,0.598,94020,39,2018-01-25 07:00:00,100,100,0,90,1
46.404,2.136,2496.6,0.003,10.167,173.11,1.961,0,0.821,9.985,9.858,69.454,35.68,41.273,38.437,30.652,0.584,94080,39,2018-01-25 08:00:00,100,100,0,90,1
47.112,2.15,2515.2,0.0,10.184,173.21,1.977,0,0.966,9.92,9.806,69.657,35.703,41.273,38.441,30.578,0.615,94140,39,2018-01-25 09:00:00,100,100,0,90,1
46.943,2.156,2515.4,0.001,10.17,173.24,2.039,0,0.761,9.965,9.849,69.793,35.664,41.246,38.441,30.574,0.584,94200,39,2018-01-25 10:00:00,100,100,0,90,1
47.025,2.152,2515.8,0.0,10.194,173.27,2.32,0,0.243,9.92,9.79,69.541,35.668,41.258,38.437,30.566,0.581,94260,39,2018-01-25 11:00:00,100,100,0,90,1
46.828,2.149,2514.2,0.0,10.179,173.11,1.227,0,0.938,9.934,9.807,69.614,35.664,41.301,38.52,30.652,0.595,94320,39,2018-01-25 12:00:00,100,100,0,90,1
47.025,2.155,2515.6,0.001,10.16,173.16,1.25,0,0.851,9.953,9.838,69.669,35.66,41.332,38.437,30.551,0.582,94380,39,2018-01-25 13:00:00,100,100,0,90,1
46.436,2.152,2516.2,0.003,10.174,173.43,1.875,0,1.913,9.962,9.848,69.63,35.68,41.301,38.52,30.645,0.587,94440,39,2018-01-25 14:00:00,100,100,0,90,1
46.588,2.157,2509.4,0.0,10.178,173.22,1.836,0,2.439,9.927,9.826,69.926,35.641,41.305,38.5,30.652,0.587,94500,39,2018-01-25 15:00:00,100,100,0,90,1
46.807,2.161,2510.4,0.0,10.187,173.22,1.672,0,4.297,9.929,9.812,69.904,35.664,41.312,38.508,30.656,0.581,94560,39,2018-01-25 16:00:00,100,100,0,90,1
46.547,2.151,2515.0,0.004,10.163,173.43,1.336,0,2.409,9.943,9.828,69.668,35.68,41.305,38.52,30.656,0.578,94620,39,2018-01-25 17:00:00,100,100,0,90,1
46.524,2.164,2517.2,0.003,10.158,173.21,1.289,0,1.234,9.929,9.823,69.5,35.664,41.316,38.508,30.645,0.607,94680,39,2018-01-25 18:00:00,100,100,0,90,1
46.53,2.157,2514.0,0.0,10.163,173.15,1.82,0,1.19,9.927,9.792,69.525,35.676,41.297,38.512,30.629,0.583,94740,39,2018-01-25 19:00:00,100,100,0,90,1
46.771,2.159,2509.6,0.0,10.164,173.3,1.594,0,1.62,9.971,9.845,69.435,35.68,41.316,38.426,30.574,0.578,94800,39,2018-01-25 20:00:00,100,100,0,90,1
47.688,2.184,2498.0,0.003,10.174,173.13,1.805,0,1.278,9.946,9.836,69.656,35.668,41.297,38.512,30.48,0.589,94860,39,2018-01-25 21:00:00,100,100,0,90,1
46.676,2.158,2499.6,0.0,10.167,173.19,2.43,0,1.234,9.918,9.805,69.916,35.676,41.316,38.414,30.562,0.602,94920,39,2018-01-25 22:00:00,100,100,0,90,1
46.351,2.149,2502.4,0.001,10.169,173.29,1.25,0,1.236,9.927,9.814,69.53,35.668,41.289,38.437,30.621,0.582,94980,39,2018-01-25 23:00:00,100,100,0,90,1
46.296,2.141,2500.8,0.0,10.164,173.37,2.164,0,3.412,9.935,9.822,69.722,35.68,41.316,38.453,30.641,0.591,95040,39,2018-01-26 00:00:00,100,100,0,90,1
46.239,2.136,2500.6,0.006,10.17,173.37,1.289,0,1.713,9.945,9.818,69.472,35.66,41.316,38.418,30.656,0.576,95100,39,2018-01-26 01:00:00,100,100,0,90,1
46.166,2.128,2497.8,0.0,10.159,173.39,1.781,0,1.684,9.944,9.827,69.708,35.687,41.312,38.457,30.652,0.573,95160,39,2018-01-26 02:00:00,100,100,0,90,1
46.641,2.145,2512.8,0.0,10.167,173.15,1.18,0,1.748,9.962,9.843,69.871,35.68,41.301,38.437,30.566,0.58,95220,39,2018-01-26 03:00:00,100,100,0,90,1
46.616,2.157,2516.8,0.001,10.17,173.24,2.289,0,9.534,9.957,9.837,69.93,35.676,41.289,38.43,30.555,0.574,95280,39,2018-01-26 04:00:00,100,100,0,90,1
46.607,2.154,2515.4,0.003,10.162,173.16,2.008,0,0.787,9.964,9.851,69.57,35.648,41.246,38.43,30.566,0.59,95340,39,2018-01-26 05:00:00,100,100,0,90,1
46.258,2.143,2511.4,0.001,10.163,173.13,2.164,0,0.221,9.958,9.842,69.765,35.676,41.25,38.445,30.645,0.575,95400,39,2018-01-26 06:00:00,100,100,0,90,1
46.783,2.168,2497.8,0.003,10.163,173.2,2.352,0,0.049,9.943,9.833,69.955,35.668,41.156,38.437,30.566,0.583,95460,39,2018-01-26 07:00:00,100,100,0,90,1
46.2,2.135,2491.0,0.0,10.159,173.24,1.203,0,0.172,9.955,9.834,69.891,35.68,41.23,38.437,30.641,0.587,95520,39,2018-01-26 08:00:00,100,100,0,90,1
46.249,2.138,2487.6,0.0,10.169,173.33,1.125,0,0.466,9.981,9.865,69.868,35.668,41.203,38.441,30.652,0.595,95580,39,2018-01-26 09:00:00,100,100,0,90,1
46.282,2.138,2478.4,0.0,10.176,173.44,1.305,0,0.447,9.984,9.864,69.794,35.66,41.207,38.437,30.645,0.593,95640,39,2018-01-26 10:00:00,100,100,0,90,1
46.865,2.162,2473.0,0.0,10.18,173.18,2.273,0,0.0,9.958,9.844,69.733,35.68,41.18,38.43,30.551,0.593,95700,39,2018-01-26 11:00:00,100,100,0,90,1
46.639,2.162,2482.0,0.0,10.184,173.33,2.008,0,0.098,9.922,9.812,69.53,35.652,41.191,38.445,30.562,0.6,95760,39,2018-01-26 12:00:00,100,100,0,90,1
46.676,2.165,2474.8,0.001,10.167,173.33,1.797,0,0.0,9.932,9.819,70.021,35.664,41.148,38.43,30.566,0.58,95820,39,2018-01-26 13:00:00,100,100,0,90,1
46.673,2.155,2469.2,0.001,10.182,173.24,1.133,0,0.189,9.933,9.819,69.903,35.582,41.137,38.418,30.555,0.595,95880,39,2018-01-26 14:00:00,100,100,0,90,1
47.258,2.183,2464.4,0.003,10.187,173.23,1.914,0,0.039,9.986,9.873,69.773,35.574,41.191,38.426,30.496,0.577,95940,39,2018-01-26 15:00:00,100,100,0,90,1
46.772,2.157,2442.0,0.005,10.199,173.29,2.086,0,0.429,9.939,9.823,69.908,35.668,41.184,38.426,30.578,0.57,96000,39,2018-01-26 16:00:00,100,100,0,90,1
46.641,2.154,2433.6,0.0,10.163,173.13,1.898,0,9.213,9.954,9.838,69.913,35.66,41.203,38.41,30.578,0.574,96060,39,2018-01-26 17:00:00,100,100,0,90,1
46.746,2.153,2441.4,0.001,10.179,173.16,2.344,0,0.45,9.934,9.809,69.685,35.66,41.184,38.414,30.566,0.586,96120,39,2018-01-26 18:00:00,100,100,0,90,1
46.591,2.147,2441.4,0.001,10.176,173.02,1.203,0,1.135,9.958,9.843,69.391,35.652,41.195,38.426,30.566,0.558,96180,39,2018-01-26 19:00:00,100,100,0,90,1
46.212,2.129,2443.4,0.0,10.184,173.23,1.414,0,0.689,9.971,9.84,69.671,35.68,41.203,38.414,30.656,0.577,96240,39,2018-01-26 20:00:00,100,100,0,90,1
46.701,2.16,2441.4,0.001,10.174,173.16,1.102,0,0.845,9.974,9.86,69.681,35.695,41.141,38.332,30.562,0.584,96300,39,2018-01-26 21:00:00,100,100,0,90,1
46.392,2.146,2439.4,0.003,10.196,173.34,1.227,0,0.388,9.97,9.856,69.627,35.664,41.152,38.348,30.562,0.583,96360,39,2018-01-26 22:00:00,100,100,0,90,1
46.747,2.155,2510.0,0.0,10.204,173.2,2.406,0,0.384,9.95,9.841,69.792,35.586,41.168,38.453,30.574,0.569,96420,39,2018-01-26 23:00:00,100,100,0,90,1
46.792,2.161,2524.0,0.0,10.208,173.27,1.133,0,0.373,9.957,9.837,69.796,35.668,41.148,38.426,30.555,0.579,96480,39,2018-01-27 00:00:00,100,100,0,90,1
47.117,2.19,2494.8,0.0,10.196,173.37,1.828,0,0.409,9.986,9.876,69.426,35.668,41.137,38.437,30.484,0.566,96540,39,2018-01-27 01:00:00,100,100,0,90,1
46.555,2.141,2470.0,0.0,10.203,173.19,1.93,0,0.09,9.946,9.829,69.756,35.68,41.152,38.352,30.562,0.593,96600,39,2018-01-27 02:00:00,100,100,0,90,1
46.49,2.146,2444.0,0.003,10.211,173.2,1.172,0,0.268,9.962,9.833,69.333,35.664,41.129,38.344,30.566,0.592,96660,39,2018-01-27 03:00:00,100,100,0,90,1
46.569,2.142,2503.4,0.0,10.206,173.37,2.141,0,0.21,9.976,9.866,69.718,35.652,41.141,38.352,30.566,0.577,96720,39,2018-01-27 04:00:00,100,100,0,90,1
46.498,2.142,2523.0,0.0,10.227,173.1,1.148,0,0.0,9.942,9.819,69.691,35.668,41.141,38.359,30.562,0.573,96780,39,2018-01-27 05:00:00,100,100,0,90,1
46.535,2.145,2506.4,0.0,10.194,173.13,2.227,0,0.264,9.991,9.87,69.81,35.691,41.148,38.402,30.555,0.584,96840,39,2018-01-27 06:00:00,100,100,0,90,1
46.499,2.144,2489.2,0.001,10.214,173.3,1.852,0,0.821,9.964,9.848,69.832,35.68,41.148,38.348,30.562,0.585,96900,39,2018-01-27 07:00:00,100,100,0,90,1
46.56,2.141,2452.0,0.001,10.241,173.21,2.344,0,0.725,9.945,9.821,69.895,35.664,41.152,38.348,30.59,0.59,96960,39,2018-01-27 08:00:00,100,100,0,90,1
46.894,2.161,2440.0,0.0,10.23,173.46,1.617,0,1.258,9.969,9.849,69.68,35.664,41.137,38.348,30.484,0.572,97020,39,2018-01-27 09:00:00,100,100,0,90,1
46.569,2.15,2523.4,0.001,10.214,173.38,1.133,0,1.47,9.995,9.865,69.71,35.664,41.137,38.363,30.555,0.565,97080,39,2018-01-27 10:00:00,100,100,0,90,1
46.577,2.148,2506.6,0.0,10.198,173.27,1.859,0,3.007,9.971,9.845,69.72,35.566,41.148,38.383,30.562,0.609,97140,39,2018-01-27 11:00:00,100,100,0,90,1
46.462,2.134,2499.6,0.0,10.182,173.29,1.234,0,10.216,9.986,9.851,69.912,35.574,41.152,38.348,30.578,0.573,97200,39,2018-01-27 12:00:00,100,100,0,90,1
46.592,2.148,2479.8,0.0,10.207,173.35,2.266,0,10.203,9.972,9.858,69.905,35.594,41.152,38.344,30.555,0.575,97260,39,2018-01-27 13:00:00,100,100,0,90,1
46.094,2.147,2457.4,0.001,10.189,173.07,2.344,0,0.687,9.945,9.829,69.949,35.598,41.141,38.359,30.629,0.572,97320,39,2018-01-27 14:00:00,100,100,0,90,1
46.499,2.147,2446.0,0.0,10.203,173.35,2.422,0,0.456,9.941,9.823,69.93,35.594,41.141,38.352,30.562,0.582,97380,39,2018-01-27 15:00:00,100,100,0,90,1
46.582,2.151,2477.6,0.0,10.216,173.26,1.281,0,1.016,9.942,9.814,69.53,35.687,41.129,38.352,30.555,0.577,97440,39,2018-01-27 16:00:00,100,100,0,90,1
46.522,2.145,2518.8,0.0,10.189,173.29,1.359,0,0.555,9.981,9.861,69.94,35.594,41.074,38.359,30.551,0.58,97500,39,2018-01-27 17:00:00,100,100,0,90,1
46.499,2.15,2521.2,0.001,10.208,173.13,2.242,0,1.425,9.97,9.854,69.918,35.594,41.129,38.375,30.562,0.575,97560,39,2018-01-27 18:00:00,100,100,0,90,1
46.662,2.149,2509.2,0.003,10.199,173.35,1.148,0,1.482,9.936,9.821,69.858,35.598,41.137,38.363,30.555,0.595,97620,39,2018-01-27 19:00:00,100,100,0,90,1
47.022,2.173,2508.4,0.0,10.217,173.38,1.156,0,1.927,9.937,9.816,69.839,35.598,41.125,38.359,30.473,0.581,97680,39,2018-01-27 20:00:00,100,100,0,90,1
46.854,2.158,2495.0,0.0,10.216,173.31,1.125,0,1.047,9.936,9.819,69.759,35.594,41.059,38.363,30.48,0.58,97740,39,2018-01-27 21:00:00,100,100,0,90,1
46.978,2.168,2484.4,0.0,10.201,173.27,2.164,0,1.248,10.0,9.87,69.809,35.586,41.066,38.375,30.48,0.571,97800,39,2018-01-27 22:00:00,100,100,0,90,1
46.572,2.149,2480.8,0.001,10.226,173.22,1.234,0,1.337,9.947,9.824,69.656,35.594,41.098,38.348,30.566,0.589,97860,39,2018-01-27 23:00:00,100,100,0,90,1
46.606,2.148,2486.4,0.001,10.208,173.24,1.156,0,0.541,9.991,9.859,69.757,35.57,41.125,38.375,30.566,0.572,97920,39,2018-01-28 00:00:00,100,100,0,90,1
46.535,2.156,2497.6,0.006,10.193,173.35,1.875,0,0.883,9.982,9.854,69.569,35.492,41.121,38.383,30.555,0.546,97980,39,2018-01-28 01:00:00,100,100,0,90,1
46.605,2.149,2503.0,0.001,10.216,173.4,2.07,0,0.766,9.935,9.816,69.513,35.594,41.074,38.371,30.551,0.561,98040,39,2018-01-28 02:00:00,100,100,0,90,1
47.012,2.172,2510.6,0.001,10.208,173.51,2.031,0,0.559,9.997,9.863,69.445,35.582,41.086,38.363,30.488,0.569,98100,39,2018-01-28 03:00:00,100,100,0,90,1
46.535,2.146,2501.2,0.003,10.224,173.26,1.289,0,1.78,9.946,9.818,69.807,35.516,41.07,38.352,30.566,0.578,98160,39,2018-01-28 04:00:00,100,100,0,90,1
46.964,2.174,2493.8,0.008,10.221,173.29,2.375,0,1.21,9.998,9.873,69.78,35.598,41.059,38.363,30.484,0.567,98220,39,2018-01-28 05:00:00,100,100,0,90,1
47.075,2.176,2484.8,0.0,10.229,173.34,1.937,0,2.766,9.969,9.852,69.638,35.594,41.074,38.336,30.484,0.56,98280,39,2018-01-28 06:00:00,100,100,0,90,1
46.989,2.168,2486.4,0.003,10.209,173.34,1.992,0,2.617,9.993,9.872,69.505,35.602,41.074,38.359,30.488,0.579,98340,39,2018-01-28 07:00:00,100,100,0,90,1
46.354,2.136,2484.8,0.0,10.227,173.35,2.133,0,2.166,9.959,9.837,69.809,35.566,41.094,38.363,30.566,0.574,98400,39,2018-01-28 08:00:00,100,100,0,90,1
46.499,2.146,2477.0,0.003,10.211,173.23,1.156,0,2.22,9.994,9.872,69.578,35.586,41.109,38.371,30.562,0.567,98460,39,2018-01-28 09:00:00,100,100,0,90,1
46.891,2.17,2477.2,0.001,10.216,173.45,1.367,0,0.0,9.953,9.828,69.88,35.602,41.113,38.363,30.488,0.586,98520,39,2018-01-28 10:00:00,100,100,0,90,1
46.987,2.173,2459.4,0.004,10.221,173.16,1.156,0,0.0,9.96,9.84,69.812,35.594,41.121,38.371,30.562,0.573,98580,39,2018-01-28 11:00:00,100,100,0,90,1
47.034,2.168,2457.4,0.0,10.209,173.27,1.977,0,0.0,9.983,9.863,69.73,35.594,41.125,38.359,30.484,0.567,98640,39,2018-01-28 12:00:00,100,100,0,90,1
46.582,2.151,2453.4,0.0,10.213,173.39,1.75,0,0.0,9.943,9.809,69.912,35.594,41.137,38.359,30.555,0.577,98700,39,2018-01-28 13:00:00,100,100,0,90,1
46.549,2.15,2437.4,0.001,10.218,173.23,2.141,0,0.0,9.99,9.871,69.842,35.566,41.137,38.371,30.574,0.567,98760,39,2018-01-28 14:00:00,100,100,0,90,1
46.802,2.145,2455.4,0.0,10.241,173.23,2.328,0,0.221,9.934,9.804,69.964,35.602,41.152,38.352,30.555,0.581,98820,39,2018-01-28 15:00:00,100,100,0,90,1
46.839,2.151,2497.6,0.003,10.217,173.29,2.117,0,0.32,9.92,9.795,69.834,35.668,41.141,38.344,30.562,0.588,98880,39,2018-01-28 16:00:00,100,100,0,90,1
47.246,2.166,2512.4,0.001,10.205,173.27,1.133,0,0.399,9.936,9.812,69.901,35.687,41.125,38.344,30.473,0.593,98940,39,2018-01-28 17:00:00,100,100,0,90,1
46.861,2.145,2519.6,0.003,10.198,173.37,2.266,0,0.905,9.952,9.829,69.434,35.648,41.141,38.352,30.566,0.607,99000,39,2018-01-28 18:00:00,100,100,0,90,1
46.769,2.144,2516.4,0.0,10.176,173.26,1.781,0,0.482,9.986,9.859,69.618,35.676,41.148,38.363,30.578,0.582,99060,39,2018-01-28 19:00:00,100,100,0,90,1
47.029,2.168,2511.0,0.007,10.192,173.32,1.195,0,0.869,9.96,9.83,69.406,35.66,41.137,38.437,30.562,0.576,99120,39,2018-01-28 20:00:00,100,100,0,90,1
47.121,2.155,2502.4,0.0,10.208,173.27,1.773,0,0.529,9.936,9.818,69.666,35.68,41.164,38.453,30.555,0.6,99180,39,2018-01-28 21:00:00,100,100,0,90,1
47.465,2.171,2491.6,0.0,10.205,173.19,2.148,0,1.397,9.924,9.795,69.578,35.68,41.223,38.445,30.566,0.581,99240,39,2018-01-28 22:00:00,100,100,0,90,1
47.358,2.175,2489.8,0.0,10.212,173.45,1.289,0,4.134,9.918,9.8,69.464,35.68,41.219,38.457,30.562,0.581,99300,39,2018-01-28 23:00:00,100,100,0,90,1
46.793,2.14,2477.8,0.0,10.207,173.2,1.852,0,8.954,9.934,9.812,69.589,35.68,41.25,38.437,30.633,0.586,99360,39,2018-01-29 00:00:00,100,100,0,90,1
46.863,2.147,2467.4,0.001,10.191,173.15,1.914,0,9.033,9.941,9.822,69.62,35.664,41.223,38.453,30.645,0.577,99420,39,2018-01-29 01:00:00,100,100,0,90,1
46.865,2.151,2469.4,0.0,10.191,173.34,1.18,0,8.454,9.912,9.8,69.551,35.641,41.301,38.539,30.629,0.578,99480,39,2018-01-29 02:00:00,100,100,0,90,1
47.08,2.165,2475.0,0.0,10.199,173.22,1.125,0,9.382,9.899,9.778,69.805,35.687,41.301,38.52,30.633,0.585,99540,39,2018-01-29 03:00:00,100,100,0,90,1
47.136,2.167,2493.6,0.003,10.216,173.1,2.227,0,9.538,9.928,9.811,69.419,35.676,41.312,38.52,30.641,0.563,99600,39,2018-01-29 04:00:00,100,100,0,90,1
47.186,2.171,2499.8,0.0,10.211,173.35,2.016,0,9.549,9.924,9.811,69.496,35.687,41.316,38.523,30.629,0.571,99660,39,2018-01-29 05:00:00,100,100,0,90,1
47.577,2.17,2522.6,0.0,10.2,173.18,2.195,0,9.587,9.936,9.817,69.528,35.687,41.312,38.508,30.645,0.558,99720,39,2018-01-29 06:00:00,100,100,0,90,1
47.161,2.163,2435.6,0.001,10.199,173.13,2.039,0,9.591,9.915,9.799,69.55,35.68,41.23,38.539,30.656,0.556,99780,39,2018-01-29 07:00:00,100,100,0,90,1
47.103,2.173,2463.4,0.0,10.179,173.2,2.195,0,9.63,9.925,9.792,69.501,35.758,41.324,38.531,30.645,0.564,99840,39,2018-01-29 08:00:00,100,100,0,130,1
47.492,2.167,2489.8,0.0,10.163,169.74,2.031,0,9.663,9.964,9.847,69.368,35.742,41.328,38.508,30.641,0.556,99900,39,2018-01-29 09:00:00,100,100,0,130,1
47.134,2.159,2503.4,0.0,10.154,169.58,1.883,0,9.689,9.962,9.84,69.44,35.758,41.312,38.5,30.633,0.567,99960,39,2018-01-29 10:00:00,100,100,0,130,1
47.384,2.166,2507.6,0.0,10.194,169.46,1.18,0,10.204,9.969,9.845,69.303,35.758,41.324,38.5,30.633,0.569,100020,39,2018-01-29 11:00:00,100,100,0,130,1
47.359,2.17,2503.0,0.001,10.18,169.47,1.094,0,9.709,9.942,9.818,69.263,35.852,41.332,38.523,30.645,0.558,100080,39,2018-01-29 12:00:00,100,100,0,130,1
47.337,2.159,2485.6,0.0,10.201,169.39,1.125,0,10.141,9.915,9.801,69.397,35.824,41.332,38.547,30.645,0.586,100140,39,2018-01-29 13:00:00,100,100,0,130,1
47.59,2.17,2489.6,0.0,10.177,169.22,1.102,0,9.754,9.965,9.847,69.409,35.836,41.324,38.566,30.645,0.559,100200,39,2018-01-29 14:00:00,100,100,0,130,1
47.224,2.174,2500.0,0.0,10.182,169.53,2.039,0,10.169,9.955,9.833,69.56,35.852,41.316,38.562,30.641,0.57,100260,39,2018-01-29 15:00:00,100,100,0,130,1
47.388,2.18,2493.0,0.0,10.187,169.25,1.133,0,10.143,9.91,9.795,69.802,35.828,41.367,38.547,30.629,0.578,100320,39,2018-01-29 16:00:00,100,100,0,130,1
46.694,2.146,2506.6,0.0,10.198,169.31,1.547,0,10.13,9.929,9.811,69.574,35.836,41.398,38.613,30.727,0.563,100380,39,2018-01-29 17:00:00,100,100,0,130,1
46.71,2.16,2502.4,0.001,10.221,169.23,1.125,0,10.157,9.919,9.79,65.78,35.84,41.387,38.574,30.727,0.555,100440,39,2018-01-29 18:00:00,100,100,2,130,1
47.031,2.164,2520.6,0.001,10.218,167.63,1.852,0,9.651,9.925,9.814,65.763,35.762,41.316,38.508,30.652,0.558,100500,39,2018-01-29 19:00:00,100,73,2,130,0
47.099,2.172,2510.8,0.0,10.221,167.48,1.516,0,9.64,9.913,9.795,65.663,35.742,41.316,38.512,30.656,0.57,100560,39,2018-01-29 20:00:00,100,73,2,130,0
47.006,2.161,2514.4,0.0,10.216,167.56,2.312,0,9.62,9.929,9.819,65.729,35.668,41.316,38.52,30.652,0.577,100620,39,2018-01-29 21:00:00,100,73,2,130,0
47.017,2.164,2512.6,0.0,10.212,167.71,1.305,0,10.19,9.962,9.833,65.66,35.746,41.324,38.523,30.633,0.573,100680,39,2018-01-29 22:00:00,100,73,2,130,0
47.02,2.162,2507.8,0.0,10.214,167.63,1.875,0,10.205,9.969,9.847,65.744,35.758,41.324,38.52,30.656,0.564,100740,39,2018-01-29 23:00:00,100,73,2,130,0
46.982,2.159,2506.0,0.008,10.216,167.47,1.156,0,10.19,9.967,9.847,65.646,35.742,41.328,38.508,30.656,0.572,100800,39,2018-01-30 00:00:00,100,73,2,130,0
47.347,2.167,2489.2,0.0,10.222,167.43,2.375,0,9.713,9.923,9.804,65.649,35.836,41.305,38.512,30.645,0.57,100860,39,2018-01-30 01:00:00,100,73,2,130,0
46.853,2.142,2480.0,0.0,10.237,167.48,2.312,0,10.155,9.922,9.8,65.539,35.828,41.324,38.52,30.727,0.581,100920,39,2018-01-30 02:00:00,100,73,2,130,0
47.312,2.163,2472.2,0.0,10.187,167.47,1.102,0,9.679,9.95,9.828,65.618,35.824,41.324,38.508,30.645,0.563,100980,39,2018-01-30 03:00:00,100,73,2,130,0
47.14,2.17,2511.6,0.0,10.204,167.47,2.016,0,10.163,9.943,9.825,65.634,35.828,41.332,38.551,30.645,0.572,101040,39,2018-01-30 04:00:00,100,73,2,130,0
47.276,2.186,2520.0,0.001,10.201,167.34,1.18,0,10.202,9.958,9.846,65.489,35.828,41.316,38.59,30.652,0.559,101100,39,2018-01-30 05:00:00,100,80,2,130,0
46.696,2.151,2516.4,0.0,10.212,167.34,1.781,0,10.17,9.936,9.807,65.519,35.84,41.332,38.535,30.723,0.554,101160,39,2018-01-30 06:00:00,100,80,2,130,0
46.716,2.148,2514.6,0.0,10.201,167.51,1.328,0,10.158,9.925,9.797,65.736,35.824,41.328,38.535,30.727,0.566,101220,39,2018-01-30 07:00:00,100,80,2,130,0
47.153,2.175,2506.4,0.003,10.198,167.56,1.875,0,10.19,9.972,9.855,65.451,35.84,41.324,38.547,30.641,0.571,101280,39,2018-01-30 08:00:00,100,80,2,130,0
47.202,2.177,2487.2,0.0,10.196,167.43,2.211,0,10.159,9.917,9.795,65.517,35.84,41.332,38.539,30.656,0.556,101340,39,2018-01-30 09:00:00,100,80,2,130,0
47.19,2.175,2477.4,0.003,10.194,167.48,1.273,0,10.206,9.972,9.851,65.555,35.828,41.324,38.547,30.645,0.572,101400,39,2018-01-30 10:00:00,100,80,2,130,0
47.293,2.187,2469.4,0.001,10.224,167.28,2.133,0,10.166,9.924,9.802,65.543,35.824,41.316,38.535,30.652,0.557,101460,39,2018-01-30 11:00:00,100,80,2,130,0
47.58,2.182,2471.4,0.005,10.192,167.4,2.148,0,10.195,9.97,9.861,65.407,35.82,41.316,38.586,30.645,0.549,101520,39,2018-01-30 12:00:00,100,80,2,130,0
46.998,2.166,2480.6,0.001,10.222,167.31,1.211,0,10.151,9.936,9.814,65.564,35.852,41.316,38.539,30.66,0.566,101580,39,2018-01-30 13:00:00,100,80,2,130,0
47.642,2.187,2490.8,0.0,10.201,167.26,2.453,0,10.205,9.967,9.851,65.568,35.848,41.312,38.574,30.645,0.584,101640,39,2018-01-30 14:00:00,100,80,2,130,0
47.375,2.175,2514.6,0.004,10.217,167.3,1.664,0,10.152,9.923,9.797,65.639,35.84,41.332,38.559,30.652,0.561,101700,39,2018-01-30 15:00:00,100,90,2,130,0
47.46,2.18,2528.4,0.0,10.196,167.23,2.398,0,10.189,9.965,9.844,65.586,35.84,41.332,38.578,30.656,0.551,101760,39,2018-01-30 16:00:00,100,90,2,130,0
47.363,2.161,2521.0,0.003,10.189,167.37,1.273,0,10.202,9.97,9.851,65.655,35.84,41.34,38.535,30.656,0.551,101820,39,2018-01-30 17:00:00,100,90,2,130,0
47.463,2.176,2512.8,0.0,10.216,167.38,2.375,0,10.155,9.929,9.814,65.484,35.82,41.324,38.566,30.652,0.56,101880,39,2018-01-30 18:00:00,100,90,2,130,0
47.748,2.177,2502.6,0.0,10.219,167.39,1.195,0,10.166,9.944,9.832,65.483,35.848,41.328,38.574,30.656,0.556,101940,39,2018-01-30 19:00:00,100,90,2,130,0
47.811,2.188,2501.0,0.003,10.191,167.48,1.289,0,10.159,9.928,9.807,65.413,35.828,41.332,38.594,30.652,0.558,102000,39,2018-01-30 20:00:00,100,90,2,130,0
47.851,2.196,2493.0,0.0,10.18,167.31,1.109,0,10.195,9.964,9.833,65.753,35.852,41.332,38.594,30.656,0.572,102060,39,2018-01-30 21:00:00,100,90,2,130,0
47.293,2.154,2493.2,0.001,10.205,167.38,1.258,0,10.168,9.935,9.818,65.603,35.852,41.324,38.602,30.746,0.578,102120,39,2018-01-30 22:00:00,100,90,2,130,0
47.859,2.19,2481.4,0.0,10.192,167.24,1.289,0,10.162,9.913,9.794,65.466,35.859,41.316,38.648,30.66,0.544,102180,39,2018-01-30 23:00:00,100,90,2,130,0
47.485,2.164,2479.4,0.0,10.198,167.27,1.258,0,10.215,9.975,9.849,65.417,35.852,41.312,38.605,30.738,0.564,102240,39,2018-01-31 00:00:00,100,90,2,130,0
47.187,2.166,2471.4,0.001,10.206,167.24,1.742,0,10.191,9.964,9.851,65.229,35.848,41.328,38.594,30.738,0.544,102300,39,2018-01-31 01:00:00,100,100,2,130,0
47.893,2.188,2467.4,0.003,10.21,167.35,1.336,0,10.193,9.953,9.829,65.322,35.848,41.34,38.59,30.645,0.548,102360,39,2018-01-31 02:00:00,100,100,2,130,0
47.859,2.189,2483.6,0.0,10.216,167.13,1.742,0,10.156,9.92,9.792,65.309,35.918,41.328,38.605,30.66,0.546,102420,39,2018-01-31 03:00:00,100,100,2,130,0
47.398,2.164,2463.6,0.0,10.216,166.97,1.992,0,10.167,9.943,9.834,65.437,35.852,41.316,38.594,30.734,0.553,102480,39,2018-01-31 04:00:00,100,100,2,130,0
47.377,2.165,2457.6,0.001,10.212,167.23,1.203,0,10.182,9.947,9.823,65.594,35.836,41.34,38.602,30.727,0.564,102540,39,2018-01-31 05:00:00,100,100,2,130,0
46.847,2.137,2473.4,0.0,10.23,167.29,1.305,0,10.189,9.955,9.829,65.393,35.84,41.367,38.594,30.828,0.55,102600,39,2018-01-31 06:00:00,100,100,2,130,0
47.896,2.189,2475.6,0.001,10.198,167.16,2.344,0,10.152,9.92,9.797,65.64,35.93,41.355,38.605,30.652,0.549,102660,39,2018-01-31 07:00:00,100,100,2,130,0
47.859,2.182,2513.0,0.001,10.201,167.28,1.227,0,10.184,9.952,9.842,65.658,35.836,41.379,38.594,30.652,0.559,102720,39,2018-01-31 08:00:00,100,100,2,130,0
46.836,2.143,2521.6,0.004,10.226,167.09,2.352,0,10.16,9.917,9.792,65.642,35.848,41.387,38.578,30.734,0.561,102780,39,2018-01-31 09:00:00,100,100,2,130,0
47.168,2.17,2524.6,0.004,10.203,167.02,2.148,0,10.189,9.953,9.83,65.462,35.918,41.422,38.641,30.828,0.563,102840,39,2018-01-31 10:00:00,100,100,2,130,0
47.062,2.169,2515.6,0.0,10.214,167.23,2.195,0,10.135,9.897,9.783,66.79,35.93,41.422,38.68,30.84,0.562,102900,39,2018-01-31 11:00:00,100,100,1,130,1
47.121,2.165,2488.6,0.003,10.23,167.75,1.859,0,10.162,9.937,9.823,66.828,36.008,41.465,38.68,30.828,0.563,102960,39,2018-01-31 12:00:00,100,73,1,130,0
47.296,2.16,2477.2,0.0,10.198,167.69,2.148,0,10.165,9.943,9.827,66.822,35.926,41.488,38.687,30.824,0.548,103020,39,2018-01-31 13:00:00,100,73,1,130,0
47.369,2.156,2477.4,0.001,10.192,167.77,1.695,0,10.178,9.959,9.844,66.87,36.02,41.488,38.684,30.816,0.54,103080,39,2018-01-31 14:00:00,100,73,1,130,0
46.84,2.138,2473.4,0.001,10.209,167.88,1.68,0,10.145,9.913,9.797,66.961,36.012,41.488,38.687,30.922,0.549,103140,39,2018-01-31 15:00:00,100,73,1,130,0
47.287,2.162,2466.2,0.0,10.216,167.77,1.227,0,10.152,9.924,9.81,66.931,36.008,41.496,38.742,30.906,0.56,103200,39,2018-01-31 16:00:00,100,73,1,130,0
47.122,2.154,2459.4,0.008,10.211,167.89,1.312,0,10.132,9.907,9.792,66.997,36.0,41.555,38.75,30.91,0.554,103260,39,2018-01-31 17:00:00,100,73,1,130,0
47.579,2.183,2457.4,0.0,10.182,167.71,2.008,0,10.187,9.934,9.812,67.002,36.012,41.543,38.754,30.883,0.556,103320,39,2018-01-31 18:00:00,100,73,1,130,0
47.216,2.162,2463.4,0.0,10.198,167.72,1.109,0,10.135,9.897,9.781,66.939,36.023,41.57,38.766,30.898,0.546,103380,39,2018-01-31 19:00:00,100,73,1,130,0
47.545,2.174,2483.2,0.003,10.207,167.74,1.719,0,10.127,9.878,9.757,66.901,36.023,41.562,38.762,30.832,0.756,103440,39,2018-01-31 20:00:00,100,73,1,130,0
47.218,2.161,2495.8,0.0,10.196,167.73,1.289,0,10.16,9.922,9.806,66.943,36.008,41.57,38.762,30.906,0.534,103500,39,2018-01-31 21:00:00,100,73,1,130,0
47.136,2.163,2509.6,0.0,10.217,167.95,1.227,0,10.143,9.894,9.771,66.946,36.008,41.582,38.766,30.906,0.529,103560,39,2018-01-31 22:00:00,100,80,1,130,0
47.194,2.162,2516.8,0.0,10.201,167.88,1.234,0,10.159,9.932,9.814,67.327,36.02,41.559,38.766,30.906,0.555,103620,39,2018-01-31 23:00:00,100,80,1,130,0
47.157,2.161,2504.0,0.0,10.229,167.8,1.172,0,10.095,9.857,9.74,67.237,36.008,41.574,38.754,30.898,0.554,103680,39,2018-02-01 00:00:00,100,80,1,130,0
47.527,2.162,2489.0,0.005,10.187,167.69,1.227,0,10.086,9.865,9.736,67.302,36.008,41.574,38.762,30.898,0.558,103740,39,2018-02-01 01:00:00,100,80,1,130,0
47.216,2.154,2471.6,0.001,10.192,167.84,1.328,0,10.098,9.859,9.733,67.123,36.078,41.574,38.77,30.898,0.566,103800,39,2018-02-01 02:00:00,100,80,1,130,0
47.337,2.166,2441.6,0.001,10.18,167.82,1.203,0,10.106,9.878,9.762,67.185,36.023,41.574,38.766,30.895,0.54,103860,39,2018-02-01 03:00:00,100,80,1,130,0
47.194,2.157,2443.4,0.0,10.174,167.8,1.258,0,10.114,9.88,9.769,67.343,36.008,41.582,38.766,30.895,0.573,103920,39,2018-02-01 04:00:00,100,80,1,130,0
47.148,2.157,2453.4,0.001,10.173,167.78,2.266,0,10.101,9.871,9.758,67.281,36.012,41.555,38.77,30.906,0.585,103980,39,2018-02-01 05:00:00,100,80,1,130,0
47.454,2.158,2455.4,0.0,10.177,167.69,1.305,0,10.123,9.883,9.763,67.128,36.023,41.559,38.777,30.898,0.573,104040,39,2018-02-01 06:00:00,100,80,1,130,0
47.444,2.158,2461.4,0.001,10.189,167.81,1.25,0,10.128,9.905,9.8,67.094,36.012,41.574,38.762,30.898,0.557,104100,39,2018-02-01 07:00:00,100,80,1,130,0
47.267,2.166,2461.2,0.003,10.19,167.56,1.883,0,10.111,9.863,9.736,67.226,36.008,41.574,38.762,30.906,0.564,104160,39,2018-02-01 08:00:00,100,90,1,130,0
47.192,2.16,2463.4,0.0,10.18,167.82,1.273,0,10.113,9.877,9.757,67.36,36.074,41.582,38.754,30.906,0.557,104220,39,2018-02-01 09:00:00,100,90,1,130,0
47.122,2.153,2459.4,0.0,10.15,167.75,1.641,0,10.145,9.913,9.793,67.127,36.012,41.574,38.754,30.895,0.575,104280,39,2018-02-01 10:00:00,100,90,1,130,0
46.69,2.132,2467.0,0.0,10.162,167.81,1.312,0,10.145,9.905,9.783,67.158,36.078,41.574,38.754,30.984,0.552,104340,39,2018-02-01 11:00:00,100,90,1,130,0
47.216,2.154,2470.6,0.0,10.158,167.59,2.25,0,10.121,9.901,9.781,67.228,36.094,41.59,38.75,30.891,0.571,104400,39,2018-02-01 12:00:00,100,90,1,130,0
47.538,2.158,2480.0,0.0,10.182,167.71,1.281,0,10.13,9.91,9.794,67.231,36.184,41.562,38.781,30.895,0.575,104460,39,2018-02-01 13:00:00,100,90,1,130,0
47.076,2.14,2488.8,0.0,10.17,167.82,1.18,0,10.123,9.9,9.769,67.245,36.086,41.586,38.793,30.965,0.575,104520,39,2018-02-01 14:00:00,100,90,1,130,0
47.774,2.182,2486.6,0.003,10.187,167.67,1.195,0,10.091,9.856,9.74,67.347,36.094,41.598,38.844,30.906,0.56,104580,39,2018-02-01 15:00:00,100,90,1,130,0
47.465,2.15,2484.6,0.001,10.176,167.58,1.437,0,10.116,9.871,9.758,67.302,36.094,41.582,38.754,30.895,0.567,104640,39,2018-02-01 16:00:00,100,90,1,130,0
47.057,2.146,2483.6,0.001,10.181,167.69,1.367,0,10.13,9.911,9.804,67.299,36.105,41.613,38.75,30.977,0.566,104700,39,2018-02-01 17:00:00,100,90,1,130,0
47.585,2.167,2476.4,0.004,10.178,167.73,1.227,0,10.081,9.859,9.743,67.155,36.086,41.562,38.75,30.891,0.591,104760,39,2018-02-01 18:00:00,100,100,1,130,0
47.292,2.16,2475.0,0.0,10.176,167.81,2.016,0,10.108,9.884,9.766,67.317,36.094,41.613,38.848,30.957,0.563,104820,39,2018-02-01 19:00:00,100,100,1,130,0
47.196,2.154,2461.4,0.0,10.19,167.56,1.227,0,10.091,9.868,9.756,67.377,36.187,41.609,38.848,30.984,0.592,104880,39,2018-02-01 20:00:00,100,100,1,130,0
46.634,2.138,2449.4,0.001,10.216,167.74,1.328,0,10.156,9.913,9.792,67.372,36.094,41.641,38.848,31.07,0.558,104940,39,2018-02-01 21:00:00,100,100,1,130,0
47.304,2.157,2435.6,0.0,10.182,167.69,1.172,0,10.112,9.897,9.776,67.425,36.145,41.617,38.848,30.977,0.571,105000,39,2018-02-01 22:00:00,100,100,1,130,0
47.52,2.166,2431.6,0.003,10.196,167.53,2.328,0,10.128,9.895,9.767,67.242,36.09,41.617,38.848,30.973,0.566,105060,39,2018-02-01 23:00:00,100,100,1,130,0
47.173,2.153,2466.6,0.001,10.189,167.66,1.156,0,10.101,9.852,9.741,67.329,36.102,41.645,38.832,30.984,0.578,105120,39,2018-02-02 00:00:00,100,100,1,130,0
47.163,2.156,2481.6,0.0,10.174,167.62,1.195,0,10.122,9.894,9.774,67.176,36.172,41.641,38.848,31.0,0.579,105180,39,2018-02-02 01:00:00,100,100,1,130,0
47.425,2.157,2465.6,0.0,10.171,167.67,1.289,0,10.12,9.896,9.788,67.348,36.172,41.656,38.855,30.988,0.575,105240,39,2018-02-02 02:00:00,100,100,1,130,0
47.507,2.163,2482.6,0.0,10.193,167.77,1.672,0,10.123,9.88,9.769,67.394,36.156,41.637,38.859,30.977,0.567,105300,39,2018-02-02 03:00:00,100,100,1,130,0
47.554,2.159,2496.2,0.003,10.196,167.74,1.562,0,10.091,9.856,9.743,69.995,36.184,41.664,38.848,30.988,0.573,105360,39,2018-02-02 04:00:00,100,100,0,130,1
47.813,2.181,2496.6,0.0,10.176,168.71,1.281,0,10.134,9.899,9.783,69.811,36.168,41.668,38.926,30.984,0.579,105420,39,2018-02-02 05:00:00,100,73,0,130,0
47.813,2.182,2478.0,0.001,10.174,168.73,1.43,0,10.109,9.873,9.771,69.869,36.219,41.746,38.93,30.977,0.59,105480,39,2018-02-02 06:00:00,100,73,0,130,0
47.272,2.15,2488.0,0.003,10.169,168.71,2.211,0,10.095,9.856,9.736,69.844,36.246,41.719,38.918,31.07,0.577,105540,39,2018-02-02 07:00:00,100,73,0,130,0
47.271,2.152,2486.6,0.006,10.171,168.63,1.281,0,10.097,9.854,9.734,70.079,36.246,41.727,38.926,31.062,0.562,105600,39,2018-02-02 08:00:00,100,73,0,130,0
47.202,2.15,2483.0,0.0,10.166,168.69,1.172,0,10.119,9.888,9.756,69.788,36.238,41.762,38.926,31.07,0.592,105660,39,2018-02-02 09:00:00,100,73,0,130,0
46.902,2.141,2487.2,0.001,10.156,168.69,1.359,0,10.116,9.866,9.758,69.759,36.273,41.801,38.953,31.137,0.567,105720,39,2018-02-02 10:00:00,100,73,0,130,0
46.761,2.142,2488.6,0.003,10.163,168.6,1.203,0,10.095,9.861,9.741,69.89,36.238,41.84,38.965,31.16,0.583,105780,39,2018-02-02 11:00:00,100,73,0,130,0
47.185,2.135,2486.0,0.0,10.149,168.66,1.305,0,10.101,9.87,9.757,69.814,36.32,41.812,39.008,31.148,0.567,105840,39,2018-02-02 12:00:00,100,73,0,130,0
47.297,2.147,2482.6,0.0,10.142,168.72,2.367,0,10.117,9.882,9.766,69.839,36.25,41.84,38.965,31.137,0.57,105900,39,2018-02-02 13:00:00,100,73,0,130,0
47.406,2.162,2486.2,0.001,10.167,168.83,2.094,0,10.108,9.859,9.74,70.119,36.332,41.859,39.02,31.133,0.578,105960,39,2018-02-02 14:00:00,100,73,0,130,0
47.359,2.153,2472.8,0.006,10.165,168.8,2.32,0,10.09,9.845,9.723,69.556,36.32,41.871,39.012,31.16,0.572,106020,39,2018-02-02 15:00:00,100,80,0,130,0
47.313,2.151,2475.4,0.0,10.154,168.72,1.758,0,10.091,9.87,9.75,69.704,36.25,41.922,39.023,31.156,0.582,106080,39,2018-02-02 16:00:00,100,80,0,130,0
47.276,2.149,2470.8,0.003,10.184,168.74,1.828,0,10.097,9.866,9.747,69.705,36.328,41.871,39.008,31.16,0.578,106140,39,2018-02-02 17:00:00,100,80,0,130,0
47.431,2.157,2471.2,0.0,10.149,168.73,1.078,0,10.103,9.867,9.766,69.933,36.328,41.895,39.023,31.156,0.578,106200,39,2018-02-02 18:00:00,100,80,0,130,0
47.373,2.16,2457.0,0.001,10.158,168.83,1.961,0,10.095,9.858,9.743,70.099,36.32,41.898,39.02,31.137,0.571,106260,39,2018-02-02 19:00:00,100,80,0,130,0
47.006,2.154,2447.2,0.0,10.158,168.71,1.906,0,10.084,9.844,9.736,69.943,36.32,41.895,39.008,31.168,0.574,106320,39,2018-02-02 20:00:00,100,80,0,130,0
46.96,2.156,2441.4,0.004,10.166,168.9,1.25,0,10.078,9.849,9.733,70.125,36.328,41.883,39.008,31.16,0.573,106380,39,2018-02-02 21:00:00,100,80,0,130,0
47.102,2.157,2437.4,0.001,10.174,168.8,1.641,0,10.076,9.83,9.705,69.732,36.344,41.898,39.105,31.223,0.563,106440,39,2018-02-02 22:00:00,100,80,0,130,0
47.184,2.158,2435.4,0.001,10.161,168.75,1.68,0,10.086,9.859,9.745,69.705,36.328,41.898,39.02,31.223,0.562,106500,39,2018-02-02 23:00:00,100,80,0,130,0
47.549,2.178,2429.4,0.001,10.196,168.77,2.109,0,10.062,9.833,9.723,69.448,36.328,41.898,39.09,31.148,0.577,106560,39,2018-02-03 00:00:00,100,80,0,130,0
47.491,2.179,2427.4,0.0,10.165,168.75,1.773,0,10.073,9.862,9.746,69.611,36.41,41.895,39.102,31.168,0.564,106620,39,2018-02-03 01:00:00,100,90,0,130,0
47.607,2.177,2429.4,0.001,10.17,168.75,2.008,0,10.097,9.853,9.747,69.613,36.316,41.895,39.09,31.156,0.563,106680,39,2018-02-03 02:00:00,100,90,0,130,0
47.56,2.179,2429.4,0.003,10.187,168.71,1.273,0,10.054,9.814,9.701,69.46,36.422,41.895,39.09,31.137,0.566,106740,39,2018-02-03 03:00:00,100,90,0,130,0
47.57,2.174,2427.4,0.001,10.178,168.64,1.109,0,10.084,9.847,9.741,69.766,36.422,41.91,39.086,31.137,0.587,106800,39,2018-02-03 04:00:00,100,90,0,130,0
47.631,2.184,2429.4,0.0,10.162,168.85,1.211,0,10.073,9.853,9.745,69.894,36.32,41.902,39.102,31.148,0.573,106860,39,2018-02-03 05:00:00,100,90,0,130,0
47.142,2.175,2439.6,0.004,10.186,168.73,1.148,0,10.07,9.855,9.75,69.72,36.398,41.898,39.102,31.223,0.57,106920,39,2018-02-03 06:00:00,100,90,0,130,0
47.619,2.175,2456.6,0.0,10.142,168.68,1.273,0,10.055,9.831,9.714,69.491,36.406,41.902,39.105,31.148,0.586,106980,39,2018-02-03 07:00:00,100,90,0,130,0
47.114,2.152,2436.6,0.0,10.167,168.72,2.031,0,10.067,9.844,9.733,69.618,36.406,41.91,39.086,31.215,0.567,107040,39,2018-02-03 08:00:00,100,90,0,130,0
47.738,2.187,2437.6,0.001,10.167,168.81,2.055,0,10.078,9.849,9.726,69.845,36.328,41.91,39.18,31.199,0.562,107100,39,2018-02-03 09:00:00,100,90,0,130,0
47.48,2.159,2435.6,0.003,10.167,168.64,1.234,0,10.062,9.849,9.738,69.913,36.398,41.902,39.078,31.215,0.583,107160,39,2018-02-03 10:00:00,100,90,0,130,0
47.394,2.161,2443.6,0.003,10.189,168.75,1.227,0,10.083,9.844,9.727,69.905,36.398,41.887,39.172,31.211,0.597,107220,39,2018-02-03 11:00:00,100,100,0,130,0
47.681,2.176,2455.6,0.001,10.174,168.62,1.211,0,10.035,9.816,9.693,69.778,36.406,41.914,39.078,31.227,0.59,107280,39,2018-02-03 12:00:00,100,100,0,130,0
47.705,2.182,2435.6,0.0,10.154,168.63,1.195,0,10.016,9.804,9.684,70.074,36.41,41.922,39.184,31.227,0.57,107340,39,2018-02-03 13:00:00,100,100,0,130,0
47.283,2.161,2437.6,0.005,10.177,168.81,1.336,0,10.049,9.805,9.691,69.896,36.414,41.93,39.172,31.289,0.577,107400,39,2018-02-03 14:00:00,100,100,0,130,0
47.968,2.173,2449.6,0.004,10.169,168.49,1.172,0,10.045,9.805,9.698,69.703,36.414,41.937,39.172,31.215,0.587,107460,39,2018-02-03 15:00:00,100,100,0,130,0
47.567,2.158,2472.0,0.0,10.169,168.63,1.234,0,10.057,9.842,9.724,70.012,36.48,41.926,39.184,31.281,0.58,107520,39,2018-02-03 16:00:00,100,100,0,130,0
47.292,2.162,2482.2,0.0,10.145,168.64,1.148,0,10.075,9.847,9.735,69.737,36.406,41.941,39.187,31.289,0.586,107580,39,2018-02-03 17:00:00,100,100,0,130,0
47.377,2.162,2482.4,0.0,10.156,168.6,1.125,0,10.027,9.809,9.703,69.903,36.488,41.992,39.18,31.289,0.578,107640,39,2018-02-03 18:00:00,100,100,0,130,0
47.238,2.166,2485.0,0.001,10.171,168.68,1.898,0,10.042,9.804,9.693,69.617,36.492,41.992,39.184,31.281,0.563,107700,39,2018-02-03 19:00:00,100,100,0,130,0
47.389,2.161,2480.8,0.0,10.174,168.51,1.211,0,10.098,9.863,9.755,69.771,36.5,41.984,39.18,31.293,0.579,107760,39,2018-02-03 20:00:00,100,100,0,130,0
47.259,2.159,2480.6,0.001,10.169,168.74,1.172,0,10.054,9.831,9.727,69.584,36.48,41.984,39.187,31.281,0.562,107820,39,2018-02-03 21:00:00,100,100,0,115,1
47.282,2.162,2489.2,0.003,10.176,170.16,1.148,0,10.062,9.814,9.693,69.578,36.414,41.98,39.184,31.359,0.572,107880,39,2018-02-03 22:00:00,100,100,0,115,1
47.333,2.164,2488.4,0.003,10.159,170.06,1.273,0,10.091,9.858,9.741,69.592,36.414,41.977,39.18,31.301,0.561,107940,39,2018-02-03 23:00:00,100,100,0,115,1
47.366,2.161,2478.2,0.005,10.167,170.14,1.195,0,10.083,9.861,9.741,69.825,36.488,41.895,39.184,31.301,0.565,108000,39,2018-02-04 00:00:00,100,100,0,115,1
47.366,2.161,2469.4,0.0,10.145,169.91,1.156,0,10.081,9.853,9.738,69.784,36.488,41.996,39.168,31.289,0.579,108060,39,2018-02-04 01:00:00,100,100,0,115,1
47.246,2.165,2471.6,0.003,10.152,169.98,1.234,0,10.08,9.863,9.755,69.929,36.48,41.969,39.172,31.301,0.567,108120,39,2018-02-04 02:00:00,100,100,0,115,1
47.282,2.166,2466.2,0.0,10.169,169.82,1.07,0,10.054,9.823,9.704,69.916,36.488,41.992,39.18,31.289,0.584,108180,39,2018-02-04 03:00:00,100,100,0,115,1
47.377,2.171,2463.0,0.001,10.163,169.96,1.125,0,10.066,9.843,9.723,69.81,36.414,41.98,39.195,31.293,0.568,108240,39,2018-02-04 04:00:00,100,100,0,115,1
46.815,2.145,2465.0,0.0,10.179,169.81,1.281,0,10.061,9.835,9.715,69.542,36.488,41.996,39.18,31.359,0.558,108300,39,2018-02-04 05:00:00,100,100,0,115,1
46.838,2.144,2461.0,0.006,10.172,169.88,1.203,0,10.1,9.853,9.747,69.639,36.504,42.004,39.184,31.371,0.571,108360,39,2018-02-04 06:00:00,100,100,0,115,1
47.146,2.138,2455.0,0.003,10.184,169.8,1.156,0,10.034,9.812,9.703,65.981,36.398,41.984,39.184,31.375,0.558,108420,39,2018-02-04 07:00:00,100,100,2,115,1
47.099,2.139,2475.2,0.001,10.2,168.13,1.258,0,10.084,9.867,9.747,65.857,36.406,41.941,39.187,31.367,0.59,108480,39,2018-02-04 08:00:00,100,73,2,115,0
47.142,2.136,2467.4,0.004,10.193,168.07,1.305,0,10.056,9.833,9.729,65.852,36.406,41.914,39.09,31.305,0.566,108540,39,2018-02-04 09:00:00,100,73,2,115,0
47.046,2.137,2469.4,0.004,10.171,168.02,2.094,0,10.079,9.854,9.745,65.774,36.328,41.902,39.09,31.301,0.556,108600,39,2018-02-04 10:00:00,100,73,2,115,0
47.32,2.14,2469.4,0.001,10.173,168.07,1.25,0,10.113,9.861,9.75,66.072,36.328,41.914,39.098,31.301,0.58,108660,39,2018-02-04 11:00:00,100,73,2,115,0
47.381,2.146,2467.4,0.0,10.187,167.96,1.016,0,10.062,9.841,9.724,65.821,36.32,41.898,39.086,31.293,0.574,108720,39,2018-02-04 12:00:00,100,73,2,115,0
47.332,2.139,2467.4,0.0,10.18,168.15,1.211,0,10.07,9.828,9.72,65.78,36.332,41.902,39.074,31.289,0.583,108780,39,2018-02-04 13:00:00,100,73,2,115,0
46.952,2.142,2455.4,0.0,10.172,168.05,1.281,0,10.103,9.88,9.75,65.81,36.312,41.91,39.105,31.367,0.573,108840,39,2018-02-04 14:00:00,100,73,2,115,0
47.001,2.135,2457.4,0.001,10.179,167.96,1.312,0,10.095,9.856,9.74,65.89,36.32,41.902,39.098,31.305,0.568,108900,39,2018-02-04 15:00:00,100,73,2,115,0
46.456,2.114,2455.4,0.003,10.187,167.86,1.312,0,10.056,9.818,9.699,65.697,36.332,41.914,39.098,31.395,0.572,108960,39,2018-02-04 16:00:00,100,73,2,115,0
46.433,2.116,2451.4,0.0,10.177,167.88,1.258,0,10.053,9.83,9.707,65.823,36.328,41.914,39.098,31.367,0.568,109020,39,2018-02-04 17:00:00,100,73,2,115,0
46.7,2.106,2453.4,0.0,10.174,167.88,1.312,0,10.076,9.856,9.741,65.741,36.328,41.898,39.078,31.383,0.561,109080,39,2018-02-04 18:00:00,100,80,2,115,0
47.027,2.135,2457.4,0.001,10.172,167.88,1.25,0,10.075,9.847,9.738,65.847,36.344,41.902,39.184,31.371,0.589,109140,39,2018-02-04 19:00:00,100,80,2,115,0
46.532,2.123,2459.4,0.0,10.163,167.75,1.414,0,10.102,9.861,9.745,65.806,36.406,41.895,39.18,31.453,0.572,109200,39,2018-02-04 20:00:00,100,80,2,115,0
47.002,2.137,2461.4,0.0,10.169,167.82,2.086,0,10.068,9.84,9.719,65.89,36.434,41.91,39.172,31.383,0.572,109260,39,2018-02-04 21:00:00,100,80,2,115,0
46.494,2.115,2463.4,0.001,10.17,167.77,1.258,0,10.026,9.807,9.689,65.898,36.41,41.91,39.172,31.465,0.558,109320,39,2018-02-04 22:00:00,100,80,2,115,0
46.253,2.117,2477.0,0.001,10.173,167.8,1.406,0,10.038,9.807,9.697,65.883,36.48,41.898,39.18,31.461,0.564,109380,39,2018-02-04 23:00:00,100,80,2,115,0
46.181,2.117,2471.0,0.0,10.193,167.73,1.289,0,10.068,9.835,9.715,65.955,36.5,41.914,39.18,31.461,0.586,109440,39,2018-02-05 00:00:00,100,80,2,115,0
46.746,2.132,2465.4,0.0,10.16,167.86,1.977,0,10.109,9.865,9.747,65.873,36.488,41.91,39.187,31.383,0.556,109500,39,2018-02-05 01:00:00,100,80,2,115,0
46.532,2.121,2465.4,0.0,10.149,167.75,1.172,0,10.083,9.859,9.752,65.922,36.5,41.91,39.187,31.449,0.56,109560,39,2018-02-05 02:00:00,100,80,2,115,0
47.052,2.141,2471.4,0.003,10.163,167.77,1.305,0,10.073,9.835,9.721,65.753,36.492,41.914,39.18,31.383,0.558,109620,39,2018-02-05 03:00:00,100,80,2,115,0
46.601,2.118,2467.4,0.0,10.166,167.74,2.367,0,10.046,9.806,9.694,65.77,36.488,41.949,39.195,31.453,0.586,109680,39,2018-02-05 04:00:00,100,90,2,115,0
46.253,2.122,2461.4,0.001,10.146,167.86,1.258,0,10.066,9.833,9.729,65.669,36.488,41.902,39.195,31.543,0.563,109740,39,2018-02-05 05:00:00,100,90,2,115,0
46.181,2.119,2451.4,0.003,10.187,167.73,2.187,0,10.053,9.832,9.713,65.815,36.488,41.953,39.184,31.531,0.574,109800,39,2018-02-05 06:00:00,100,90,2,115,0
46.518,2.111,2447.4,0.008,10.191,167.86,1.359,0,10.045,9.814,9.693,65.934,36.504,41.965,39.184,31.461,0.565,109860,39,2018-02-05 07:00:00,100,90,2,115,0
46.46,2.12,2439.4,0.0,10.145,167.69,1.234,0,10.08,9.853,9.743,65.736,36.512,41.977,39.172,31.473,0.564,109920,39,2018-02-05 08:00:00,100,90,2,115,0
46.423,2.106,2441.6,0.003,10.19,167.54,1.648,0,10.051,9.807,9.684,65.882,36.57,41.977,39.172,31.461,0.563,109980,39,2018-02-05 09:00:00,100,90,2,115,0
46.061,2.095,2492.6,0.003,10.16,167.69,1.227,0,10.084,9.849,9.741,65.679,36.48,41.996,39.172,31.547,0.557,110040,39,2018-02-05 10:00:00,100,90,2,115,0
46.485,2.115,2496.6,0.0,10.153,167.74,1.281,0,10.032,9.815,9.707,65.628,36.504,41.977,39.199,31.477,0.558,110100,39,2018-02-05 11:00:00,100,90,2,115,0
46.544,2.12,2511.2,0.0,10.167,167.83,1.258,0,10.08,9.844,9.724,65.725,36.488,41.977,39.18,31.477,0.567,110160,39,2018-02-05 12:00:00,100,90,2,115,0
45.881,2.088,2504.2,0.003,10.182,167.69,1.258,0,10.067,9.833,9.712,65.719,36.504,41.984,39.211,31.566,0.552,110220,39,2018-02-05 13:00:00,100,90,2,115,0
46.507,2.114,2506.4,0.001,10.174,167.71,1.508,0,10.037,9.81,9.696,65.723,36.5,41.902,39.168,31.461,0.599,110280,39,2018-02-05 14:00:00,100,100,2,115,0
46.491,2.133,2504.2,0.003,10.152,167.66,1.305,0,10.092,9.856,9.743,65.969,36.488,41.992,39.254,31.465,0.569,110340,39,2018-02-05 15:00:00,100,100,2,115,0
46.168,2.118,2495.6,0.0,10.16,167.62,1.781,0,10.062,9.816,9.709,65.791,36.492,42.02,39.16,31.473,0.573,110400,39,2018-02-05 16:00:00,100,100,2,115,0
46.083,2.104,2495.6,0.0,10.162,167.69,1.758,0,10.044,9.811,9.7,65.771,36.48,42.008,39.168,31.48,0.58,110460,39,2018-02-05 17:00:00,100,100,2,115,0
46.391,2.124,2492.6,0.0,10.158,167.73,1.125,0,10.072,9.852,9.745,65.778,36.488,41.984,39.156,31.473,0.579,110520,39,2018-02-05 18:00:00,100,100,2,115,0
46.298,2.108,2482.6,0.001,10.182,167.75,1.586,0,10.043,9.813,9.699,65.704,36.5,41.984,39.187,31.473,0.572,110580,39,2018-02-05 19:00:00,100,100,2,115,0
46.26,2.114,2471.2,0.001,10.169,167.78,1.312,0,10.077,9.849,9.743,65.937,36.48,42.004,39.145,31.465,0.575,110640,39,2018-02-05 20:00:00,100,100,2,115,0
46.157,2.107,2457.4,0.0,10.17,167.75,2.039,0,10.032,9.808,9.702,65.633,36.473,41.992,39.16,31.473,0.564,110700,39,2018-02-05 21:00:00,100,100,2,115,0
46.134,2.113,2447.6,0.003,10.167,167.66,1.93,0,10.087,9.849,9.738,65.806,36.5,41.98,39.18,31.473,0.571,110760,39,2018-02-05 22:00:00,100,100,2,115,0
46.253,2.117,2478.0,0.0,10.163,167.72,1.102,0,10.081,9.854,9.743,65.685,36.492,41.977,39.172,31.473,0.563,110820,39,2018-02-05 23:00:00,100,100,2,115,0
46.792,2.144,2510.4,0.001,10.183,167.82,1.258,0,10.046,9.816,9.708,67.062,36.492,42.004,39.172,31.383,0.576,110880,39,2018-02-06 00:00:00,100,100,1,115,1
46.253,2.107,2490.8,0.001,10.174,168.55,2.117,0,10.053,9.809,9.684,67.062,36.559,41.996,39.184,31.566,0.578,110940,39,2018-02-06 01:00:00,100,73,1,115,0
46.228,2.116,2476.8,0.001,10.19,168.52,2.133,0,10.051,9.823,9.711,67.401,36.566,41.996,39.172,31.453,0.577,111000,39,2018-02-06 02:00:00,100,73,1,115,0
46.417,2.125,2458.2,0.005,10.174,168.51,2.062,0,10.078,9.854,9.747,67.272,36.48,42.008,39.172,31.465,0.577,111060,39,2018-02-06 03:00:00,100,73,1,115,0
46.206,2.118,2438.2,0.0,10.163,168.34,2.289,0,10.095,9.872,9.75,67.226,36.492,42.031,39.172,31.461,0.576,111120,39,2018-02-06 04:00:00,100,73,1,115,0
46.598,2.15,2495.6,0.0,10.191,168.52,1.125,0,10.106,9.867,9.748,67.224,36.504,42.02,39.195,31.449,0.579,111180,39,2018-02-06 05:00:00,100,73,1,115,0
46.301,2.116,2495.6,0.0,10.17,168.31,1.68,0,10.068,9.835,9.722,67.266,36.492,42.008,39.18,31.461,0.562,111240,39,2018-02-06 06:00:00,100,73,1,115,0
46.411,2.114,2473.8,0.0,10.181,168.34,2.352,0,10.068,9.818,9.706,67.153,36.57,41.996,39.172,31.461,0.583,111300,39,2018-02-06 07:00:00,100,73,1,115,0
46.119,2.119,2452.0,0.0,10.183,168.37,1.898,0,10.051,9.816,9.7,67.276,36.5,41.996,39.184,31.465,0.567,111360,39,2018-02-06 08:00:00,100,73,1,115,0
45.644,2.085,2454.2,0.0,10.177,168.02,2.211,0,10.062,9.838,9.733,67.363,36.543,42.012,39.18,31.559,0.577,111420,39,2018-02-06 09:00:00,100,73,1,115,0
46.219,2.114,2506.0,0.003,10.176,168.41,2.062,0,10.109,9.866,9.755,67.473,36.582,41.996,39.184,31.465,0.581,111480,39,2018-02-06 10:00:00,100,73,1,115,0
46.271,2.112,2490.6,0.003,10.183,168.37,1.57,0,10.073,9.838,9.721,67.202,36.488,42.012,39.184,31.465,0.573,111540,39,2018-02-06 11:00:00,100,80,1,115,0
46.67,2.138,2466.0,0.0,10.163,168.36,1.672,0,10.086,9.849,9.733,67.187,36.488,41.992,39.16,31.367,0.576,111600,39,2018-02-06 12:00:00,100,80,1,115,0
46.373,2.132,2444.0,0.0,10.154,168.28,1.352,0,10.048,9.844,9.731,67.267,36.48,41.98,39.187,31.465,0.572,111660,39,2018-02-06 13:00:00,100,80,1,115,0
46.72,2.134,2494.4,0.0,10.169,168.38,1.508,0,10.068,9.84,9.721,67.18,36.48,42.004,39.168,31.383,0.564,111720,39,2018-02-06 14:00:00,100,80,1,115,0
46.707,2.131,2499.4,0.007,10.186,168.38,1.914,0,10.068,9.828,9.714,67.189,36.488,42.012,39.187,31.387,0.562,111780,39,2018-02-06 15:00:00,100,80,1,115,0
46.592,2.145,2477.4,0.001,10.177,168.13,2.25,0,10.051,9.818,9.705,67.285,36.488,41.984,39.18,31.383,0.563,111840,39,2018-02-06 16:00:00,100,80,1,115,0
46.918,2.157,2454.2,0.0,10.196,168.4,1.68,0,10.038,9.813,9.698,67.161,36.488,41.98,39.18,31.301,0.563,111900,39,2018-02-06 17:00:00,100,80,1,115,0
46.25,2.131,2440.0,0.001,10.167,168.31,1.211,0,10.067,9.846,9.727,67.201,36.504,41.902,39.168,31.375,0.566,111960,39,2018-02-06 18:00:00,100,80,1,115,0
46.597,2.162,2494.6,0.0,10.176,168.27,1.102,0,10.098,9.867,9.741,67.315,36.488,41.98,39.184,31.309,0.57,112020,39,2018-02-06 19:00:00,100,80,1,115,0
46.698,2.156,2503.0,0.005,10.198,168.28,1.227,0,10.092,9.878,9.759,67.32,36.406,41.914,39.172,31.305,0.58,112080,39,2018-02-06 20:00:00,100,80,1,115,0
46.654,2.165,2488.4,0.001,10.172,168.31,1.641,0,10.084,9.838,9.721,67.097,36.406,41.953,39.18,31.309,0.58,112140,39,2018-02-06 21:00:00,100,90,1,115,0
46.723,2.156,2472.6,0.0,10.203,168.41,1.312,0,10.066,9.83,9.719,67.434,36.406,41.941,39.187,31.215,0.573,112200,39,2018-02-06 22:00:00,100,90,1,115,0
46.446,2.155,2456.2,0.0,10.169,168.37,1.719,0,10.095,9.872,9.763,67.313,36.332,41.926,39.172,31.293,0.569,112260,39,2018-02-06 23:00:00,100,90,1,115,0
46.154,2.138,2455.2,0.0,10.176,168.44,1.289,0,10.117,9.877,9.755,67.165,36.332,41.91,39.156,31.289,0.576,112320,39,2018-02-07 00:00:00,100,90,1,115,0
46.126,2.143,2504.6,0.001,10.182,168.4,1.773,0,10.122,9.888,9.767,67.068,36.332,41.922,39.09,31.305,0.578,112380,39,2018-02-07 01:00:00,100,90,1,115,0
46.508,2.145,2492.2,0.003,10.189,168.34,1.234,0,10.087,9.86,9.747,67.13,36.328,41.914,39.098,31.277,0.562,112440,39,2018-02-07 02:00:00,100,90,1,115,0
46.857,2.154,2473.8,0.0,10.192,168.41,2.211,0,10.095,9.837,9.724,67.282,36.332,41.895,39.09,31.223,0.563,112500,39,2018-02-07 03:00:00,100,90,1,115,0
46.796,2.157,2454.2,0.0,10.192,168.5,1.836,0,10.059,9.832,9.722,67.049,36.328,41.898,39.09,31.227,0.565,112560,39,2018-02-07 04:00:00,100,90,1,115,0
47.006,2.161,2445.6,0.0,10.181,168.4,1.281,0,10.098,9.849,9.735,66.942,36.32,41.848,39.012,31.137,0.569,112620,39,2018-02-07 05:00:00,100,90,1,115,0
47.11,2.159,2493.4,0.0,10.209,168.41,2.344,0,10.077,9.84,9.723,67.168,36.305,41.859,39.012,31.145,0.551,112680,39,2018-02-07 06:00:00,100,90,1,115,0
46.76,2.159,2502.6,0.003,10.19,168.44,1.719,0,10.095,9.857,9.73,67.197,36.328,41.875,39.02,31.145,0.569,112740,39,2018-02-07 07:00:00,100,100,1,115,0
46.365,2.135,2502.2,0.0,10.172,168.42,1.898,0,10.117,9.875,9.757,66.947,36.238,41.793,39.012,31.211,0.554,112800,39,2018-02-07 08:00:00,100,100,1,115,0
46.76,2.159,2497.4,0.003,10.178,168.4,2.164,0,10.127,9.902,9.788,67.219,36.227,41.898,39.012,31.16,0.557,112860,39,2018-02-07 09:00:00,100,100,1,115,0
46.773,2.159,2485.6,0.003,10.166,168.41,2.32,0,10.108,9.889,9.779,67.149,36.234,41.859,38.949,31.137,0.554,112920,39,2018-02-07 10:00:00,100,100,1,115,0
46.796,2.158,2475.0,0.001,10.19,168.47,1.469,0,10.101,9.866,9.747,67.405,36.227,41.832,39.008,31.156,0.566,112980,39,2018-02-07 11:00:00,100,100,1,115,0
46.499,2.138,2459.4,0.001,10.186,168.49,1.586,0,10.084,9.856,9.74,67.215,36.246,41.828,39.02,31.156,0.596,113040,39,2018-02-07 12:00:00,100,100,1,115,0
47.175,2.168,2451.4,0.0,10.176,168.49,1.953,0,10.128,9.896,9.78,67.285,36.238,41.801,39.023,31.062,0.55,113100,39,2018-02-07 13:00:00,100,100,1,115,0
46.701,2.154,2449.4,0.001,10.182,168.42,1.898,0,10.068,9.853,9.745,67.109,36.32,41.789,39.012,31.16,0.581,113160,39,2018-02-07 14:00:00,100,100,1,115,0
46.624,2.149,2443.4,0.0,10.184,168.5,2.148,0,10.084,9.861,9.743,67.254,36.246,41.82,38.965,31.148,0.558,113220,39,2018-02-07 15:00:00,100,100,1,115,0
46.673,2.144,2439.4,0.001,10.177,168.53,1.992,0,10.111,9.899,9.772,67.134,36.234,41.816,38.949,31.156,0.561,113280,39,2018-02-07 16:00:00,100,100,1,115,0
46.916,2.149,2439.4,0.003,10.2,168.5,1.289,0,10.099,9.857,9.738,69.442,36.246,41.812,38.957,31.137,0.546,113340,39,2018-02-07 17:00:00,100,100,0,115,1
46.783,2.142,2445.4,0.0,10.203,169.63,1.273,0,10.124,9.885,9.776,69.62,36.238,41.832,39.008,31.156,0.576,113400,39,2018-02-07 18:00:00,100,73,0,115,0
47.011,2.146,2446.4,0.0,10.192,169.5,1.109,0,10.105,9.884,9.762,69.895,36.332,41.832,38.965,31.137,0.576,113460,39,2018-02-07 19:00:00,100,73,0,115,0
46.981,2.153,2480.6,0.0,10.174,169.61,2.164,0,10.086,9.845,9.722,69.572,36.301,41.883,38.977,31.145,0.571,113520,39,2018-02-07 20:00:00,100,73,0,115,0
47.101,2.169,2496.6,0.0,10.184,169.72,1.82,0,10.09,9.876,9.76,69.647,36.254,41.922,39.02,31.148,0.564,113580,39,2018-02-07 21:00:00,100,73,0,115,0
47.257,2.167,2483.0,0.003,10.167,169.63,1.602,0,10.091,9.855,9.745,69.63,36.32,41.91,39.02,31.133,0.553,113640,39,2018-02-07 22:00:00,100,73,0,115,0
47.09,2.159,2488.6,0.0,10.167,169.58,1.359,0,10.098,9.865,9.772,69.808,36.328,41.895,39.02,31.148,0.562,113700,39,2018-02-07 23:00:00,100,73,0,115,0
47.266,2.181,2491.0,0.0,10.187,169.69,1.156,0,10.048,9.821,9.715,69.672,36.332,41.914,39.098,31.156,0.558,113760,39,2018-02-08 00:00:00,100,73,0,115,0
47.323,2.158,2481.0,0.0,10.16,169.5,2.312,0,10.101,9.878,9.774,69.521,36.332,41.902,39.012,31.156,0.575,113820,39,2018-02-08 01:00:00,100,73,0,115,0
47.172,2.158,2477.6,0.0,10.173,169.7,2.328,0,10.062,9.841,9.715,69.787,36.332,41.902,39.023,31.215,0.565,113880,39,2018-02-08 02:00:00,100,73,0,115,0
47.277,2.173,2480.4,0.001,10.169,169.66,1.25,0,10.089,9.868,9.75,69.888,36.395,41.922,39.09,31.137,0.55,113940,39,2018-02-08 03:00:00,100,73,0,115,0
47.285,2.174,2442.6,0.0,10.167,169.63,1.992,0,10.084,9.852,9.735,69.635,36.328,41.937,39.086,31.137,0.554,114000,39,2018-02-08 04:00:00,100,80,0,115,0
46.784,2.151,2429.4,0.0,10.167,169.56,1.797,0,10.105,9.87,9.756,69.991,36.332,41.922,39.086,31.223,0.553,114060,39,2018-02-08 05:00:00,100,80,0,115,0
46.891,2.159,2435.4,0.0,10.176,169.55,2.07,0,10.061,9.823,9.703,69.994,36.316,41.949,39.098,31.223,0.56,114120,39,2018-02-08 06:00:00,100,80,0,115,0
47.486,2.173,2441.4,0.0,10.145,169.55,1.211,0,0.161,9.88,9.763,69.857,36.41,41.965,39.102,31.145,0.574,114180,39,2018-02-08 07:00:00,100,80,0,115,0
46.844,2.152,2441.4,0.001,10.186,169.57,1.258,0,1.428,9.828,9.71,69.914,36.414,41.926,39.078,31.223,0.573,114240,39,2018-02-08 08:00:00,100,80,0,115,0
47.138,2.159,2433.4,0.001,10.183,169.66,1.258,0,1.802,9.848,9.731,70.079,36.406,41.898,39.102,31.16,0.559,114300,39,2018-02-08 09:00:00,100,80,0,115,0
47.102,2.155,2433.4,0.0,10.159,169.66,1.273,0,0.101,9.868,9.76,69.988,36.406,41.941,39.078,31.227,0.549,114360,39,2018-02-08 10:00:00,100,80,0,115,0
47.102,2.152,2437.4,0.0,10.189,169.57,1.25,0,1.218,9.823,9.713,69.476,36.41,41.992,39.09,31.223,0.575,114420,39,2018-02-08 11:00:00,100,80,0,115,0
46.893,2.152,2437.4,0.0,10.174,169.64,1.312,0,1.212,9.872,9.755,69.756,36.398,41.91,39.172,31.301,0.563,114480,39,2018-02-08 12:00:00,100,80,0,115,0
47.138,2.153,2441.4,0.0,10.176,169.61,1.391,0,0.941,9.854,9.727,69.796,36.41,42.008,39.098,31.227,0.57,114540,39,2018-02-08 13:00:00,100,80,0,115,0
46.967,2.16,2447.4,0.001,10.193,169.66,1.102,0,1.613,9.841,9.724,69.686,36.406,41.984,39.09,31.301,0.554,114600,39,2018-02-08 14:00:00,100,90,0,115,0
47.336,2.174,2443.4,0.007,10.164,169.63,1.258,0,1.297,9.853,9.75,69.429,36.41,41.992,39.16,31.234,0.562,114660,39,2018-02-08 15:00:00,100,90,0,115,0
46.932,2.157,2441.4,0.005,10.156,169.63,1.305,0,2.484,9.872,9.768,69.591,36.398,41.992,39.172,31.309,0.561,114720,39,2018-02-08 16:00:00,100,90,0,115,0
46.988,2.157,2443.4,0.001,10.174,169.52,1.312,0,1.534,9.823,9.715,69.543,36.398,41.977,39.172,31.309,0.565,114780,39,2018-02-08 17:00:00,100,90,0,115,0
47.213,2.153,2441.4,0.0,10.172,169.74,1.305,0,3.322,9.828,9.712,69.608,36.383,42.008,39.184,31.305,0.56,114840,39,2018-02-08 18:00:00,100,90,0,115,0
47.212,2.16,2447.4,0.0,10.158,169.59,2.016,0,5.375,9.873,9.756,69.47,36.395,41.996,39.168,31.301,0.563,114900,39,2018-02-08 19:00:00,100,90,0,115,0
47.261,2.158,2441.4,0.0,10.158,169.71,1.18,0,7.552,9.832,9.721,69.548,36.512,42.062,39.184,31.309,0.571,114960,39,2018-02-08 20:00:00,100,90,0,115,0
47.282,2.158,2437.4,0.0,10.167,169.5,1.234,0,7.317,9.825,9.711,69.672,36.406,42.051,39.18,31.301,0.547,115020,39,2018-02-08 21:00:00,100,90,0,115,0
47.246,2.164,2433.6,0.0,10.152,169.46,1.211,0,8.072,9.859,9.741,69.574,36.48,42.086,39.18,31.289,0.553,115080,39,2018-02-08 22:00:00,100,90,0,115,0
47.199,2.152,2433.4,0.0,10.176,169.6,1.195,0,8.363,9.823,9.694,69.543,36.48,42.074,39.16,31.293,0.572,115140,39,2018-02-08 23:00:00,100,90,0,115,0
47.175,2.161,2435.4,0.0,10.158,169.55,1.125,0,8.357,9.868,9.756,69.573,36.488,41.992,39.16,31.289,0.558,115200,39,2018-02-09 00:00:00,100,100,0,115,0
47.282,2.156,2439.4,0.0,10.198,169.46,1.281,0,8.431,9.83,9.715,69.445,36.492,41.98,39.184,31.305,0.546,115260,39,2018-02-09 01:00:00,100,100,0,115,0
46.809,2.146,2441.4,0.0,10.163,169.56,1.18,0,8.853,9.85,9.743,69.372,36.488,42.086,39.184,31.383,0.558,115320,39,2018-02-09 02:00:00,100,100,0,115,0
47.261,2.153,2441.4,0.0,10.153,169.41,1.203,0,9.014,9.814,9.698,69.396,36.473,42.09,39.172,31.301,0.558,115380,39,2018-02-09 03:00:00,100,100,0,115,0
47.354,2.159,2435.4,0.003,10.141,169.42,2.164,0,10.098,9.86,9.741,69.612,36.48,42.133,39.18,31.301,0.558,115440,39,2018-02-09 04:00:00,100,100,0,115,0
47.212,2.151,2443.4,0.0,10.167,169.39,1.203,0,10.038,9.809,9.703,69.597,36.488,42.012,39.172,31.293,0.546,115500,39,2018-02-09 05:00:00,100,100,0,115,0
47.296,2.152,2472.2,0.0,10.153,169.55,1.07,0,10.029,9.807,9.694,69.674,36.488,42.086,39.195,31.301,0.558,115560,39,2018-02-09 06:00:00,100,100,0,115,0
47.37,2.163,2496.0,0.001,10.149,169.42,1.172,0,10.057,9.828,9.715,69.613,36.492,42.086,39.184,31.293,0.548,115620,39,2018-02-09 07:00:00,100,100,0,115,0
47.27,2.161,2493.6,0.001,10.151,169.46,1.172,0,10.067,9.841,9.731,69.396,36.492,42.105,39.18,31.305,0.583,115680,39,2018-02-09 08:00:00,100,100,0,115,0
46.745,2.13,2463.4,0.001,10.14,169.58,2.32,0,10.031,9.808,9.689,69.943,36.488,42.105,39.18,31.383,0.568,115740,39,2018-02-09 09:00:00,100,100,0,115,0
46.327,2.116,2423.6,0.001,10.137,169.33,1.109,0,10.091,9.857,9.748,69.498,36.5,42.105,39.207,31.473,0.567,115800,39,2018-02-09 10:00:00,100,100,0,100,1
46.77,2.133,2435.4,0.006,10.167,171.7,1.172,0,10.064,9.818,9.694,69.58,36.492,42.078,39.184,31.383,0.553,115860,39,2018-02-09 11:00:00,100,100,0,100,1
46.721,2.135,2435.4,0.0,10.146,171.49,1.156,0,10.09,9.861,9.752,69.686,36.492,42.102,39.172,31.387,0.553,115920,39,2018-02-09 12:00:00,100,100,0,100,1
46.734,2.132,2441.4,0.001,10.17,171.54,2.109,0,10.044,9.823,9.719,69.754,36.492,41.996,39.184,31.395,0.55,115980,39,2018-02-09 13:00:00,100,100,0,100,1
47.249,2.16,2431.6,0.0,10.146,171.41,1.125,0,10.113,9.868,9.751,69.766,36.5,42.078,39.18,31.293,0.559,116040,39,2018-02-09 14:00:00,100,100,0,100,1
46.745,2.134,2469.6,0.001,10.156,171.46,1.305,0,10.055,9.818,9.71,69.465,36.488,42.09,39.18,31.375,0.592,116100,39,2018-02-09 15:00:00,100,100,0,100,1
47.237,2.154,2464.6,0.001,10.138,171.35,1.211,0,10.1,9.87,9.752,69.523,36.504,42.086,39.184,31.305,0.56,116160,39,2018-02-09 16:00:00,100,100,0,100,1
47.259,2.151,2431.6,0.0,10.161,171.27,1.195,0,10.07,9.826,9.71,69.832,36.488,42.074,39.184,31.305,0.567,116220,39,2018-02-09 17:00:00,100,100,0,100,1
47.144,2.152,2425.6,0.0,10.149,171.36,1.25,0,10.083,9.849,9.736,69.997,36.5,42.078,39.18,31.305,0.559,116280,39,2018-02-09 18:00:00,100,100,0,100,1
47.212,2.158,2433.4,0.0,10.153,171.28,1.18,0,10.086,9.849,9.731,70.051,36.5,42.066,39.16,31.305,0.559,116340,39,2018-02-09 19:00:00,100,100,0,100,1
47.188,2.15,2437.4,0.0,10.149,171.23,1.047,0,10.026,9.805,9.693,65.748,36.492,42.047,39.172,31.305,0.568,116400,39,2018-02-09 20:00:00,100,100,2,100,1
46.721,2.132,2477.4,0.001,10.151,169.57,1.25,0,10.102,9.872,9.748,65.891,36.406,41.977,39.18,31.375,0.548,116460,39,2018-02-09 21:00:00,100,73,2,100,0
47.249,2.161,2475.4,0.0,10.156,169.42,2.398,0,10.083,9.837,9.722,65.692,36.426,41.965,39.168,31.305,0.56,116520,39,2018-02-09 22:00:00,100,73,2,100,0
46.904,2.131,2479.4,0.001,10.183,169.58,1.281,0,10.083,9.857,9.747,65.735,36.32,41.898,39.086,31.305,0.562,116580,39,2018-02-09 23:00:00,100,73,2,100,0
46.988,2.134,2477.4,0.0,10.159,169.53,1.961,0,10.079,9.846,9.736,65.754,36.312,41.898,39.102,31.305,0.553,116640,39,2018-02-10 00:00:00,100,73,2,100,0
46.998,2.134,2477.4,0.0,10.142,169.34,2.008,0,10.094,9.875,9.762,65.782,36.32,41.902,39.102,31.293,0.569,116700,39,2018-02-10 01:00:00,100,73,2,100,0
46.941,2.135,2469.4,0.003,10.162,169.36,2.289,0,10.056,9.83,9.726,65.683,36.352,41.898,39.086,31.305,0.55,116760,39,2018-02-10 02:00:00,100,73,2,100,0
46.954,2.142,2461.4,0.001,10.152,169.34,1.617,0,10.101,9.88,9.76,65.883,36.332,41.914,39.09,31.305,0.564,116820,39,2018-02-10 03:00:00,100,73,2,100,0
46.952,2.135,2453.4,0.001,10.154,169.33,2.352,0,10.08,9.854,9.741,65.726,36.316,41.902,39.09,31.301,0.568,116880,39,2018-02-10 04:00:00,100,73,2,100,0
46.482,2.119,2455.4,0.006,10.161,169.49,1.977,0,10.101,9.868,9.755,65.807,36.34,41.895,39.098,31.387,0.563,116940,39,2018-02-10 05:00:00,100,73,2,100,0
46.529,2.112,2445.6,0.0,10.171,169.33,2.352,0,10.048,9.838,9.727,65.845,36.41,41.91,39.09,31.371,0.56,117000,39,2018-02-10 06:00:00,100,73,2,100,0
46.976,2.132,2452.2,0.003,10.186,169.31,2.172,0,10.12,9.887,9.774,65.846,36.32,41.91,39.098,31.301,0.55,117060,39,2018-02-10 07:00:00,100,80,2,100,0
46.436,2.109,2447.4,0.0,10.172,169.27,2.148,0,10.04,9.819,9.71,65.678,36.41,41.902,39.105,31.387,0.554,117120,39,2018-02-10 08:00:00,100,80,2,100,0
46.734,2.134,2451.6,0.0,10.153,169.46,1.695,0,10.077,9.843,9.733,65.649,36.406,41.902,39.18,31.465,0.56,117180,39,2018-02-10 09:00:00,100,80,2,100,0
46.699,2.131,2447.4,0.001,10.133,169.27,1.258,0,10.083,9.87,9.757,65.741,36.422,41.895,39.18,31.375,0.547,117240,39,2018-02-10 10:00:00,100,80,2,100,0
46.674,2.135,2453.4,0.001,10.148,169.39,1.664,0,10.062,9.83,9.709,65.81,36.41,41.91,39.172,31.387,0.551,117300,39,2018-02-10 11:00:00,100,80,2,100,0
46.754,2.131,2447.4,0.0,10.15,169.25,1.602,0,10.062,9.819,9.702,65.797,36.406,41.914,39.184,31.383,0.571,117360,39,2018-02-10 12:00:00,100,80,2,100,0
46.721,2.131,2447.4,0.0,10.144,169.16,2.133,0,10.116,9.878,9.751,65.681,36.426,41.898,39.184,31.387,0.578,117420,39,2018-02-10 13:00:00,100,80,2,100,0
46.323,2.105,2486.6,0.0,10.162,169.23,1.953,0,10.042,9.818,9.708,65.816,36.5,41.902,39.187,31.473,0.548,117480,39,2018-02-10 14:00:00,100,80,2,100,0
46.815,2.131,2499.4,0.001,10.139,169.06,2.117,0,10.095,9.865,9.755,65.826,36.5,41.91,39.199,31.383,0.556,117540,39,2018-02-10 15:00:00,100,80,2,100,0
46.256,2.116,2500.6,0.001,10.171,169.18,1.664,0,10.059,9.83,9.712,65.627,36.5,41.965,39.187,31.473,0.555,117600,39,2018-02-10 16:00:00,100,80,2,100,0
46.653,2.113,2482.6,0.0,10.149,169.26,1.312,0,10.065,9.814,9.703,65.821,36.414,41.953,39.195,31.473,0.599,117660,39,2018-02-10 17:00:00,100,90,2,100,0
46.707,2.127,2502.4,0.003,10.145,169.16,1.273,0,10.076,9.859,9.741,65.772,36.5,41.953,39.187,31.387,0.562,117720,39,2018-02-10 18:00:00,100,90,2,100,0
47.074,2.137,2515.8,0.003,10.156,169.19,2.164,0,10.061,9.844,9.73,65.871,36.5,41.977,39.195,31.375,0.565,117780,39,2018-02-10 19:00:00,100,90,2,100,0
46.72,2.131,2514.2,0.0,10.137,169.34,1.906,0,10.11,9.876,9.753,65.655,36.477,41.969,39.172,31.395,0.56,117840,39,2018-02-10 20:00:00,100,90,2,100,0
46.664,2.129,2492.0,0.001,10.163,169.18,1.898,0,10.059,9.846,9.736,65.757,36.512,41.902,39.195,31.395,0.56,117900,39,2018-02-10 21:00:00,100,90,2,100,0
46.737,2.132,2467.4,0.001,10.179,169.26,1.758,0,10.04,9.831,9.721,65.734,36.5,41.977,39.184,31.387,0.554,117960,39,2018-02-10 22:00:00,100,90,2,100,0
46.745,2.133,2455.4,0.0,10.142,169.09,1.906,0,10.077,9.863,9.746,65.878,36.5,41.977,39.18,31.395,0.559,118020,39,2018-02-10 23:00:00,100,90,2,100,0
46.157,2.113,2451.4,0.003,10.142,169.34,1.18,0,10.075,9.833,9.714,66.068,36.492,41.902,39.187,31.477,0.564,118080,39,2018-02-11 00:00:00,100,90,2,100,0
46.228,2.111,2443.6,0.004,10.16,169.23,1.641,0,10.061,9.835,9.727,65.86,36.5,41.996,39.156,31.473,0.573,118140,39,2018-02-11 01:00:00,100,90,2,100,0
46.795,2.137,2443.4,0.0,10.133,169.18,1.227,0,10.094,9.861,9.745,65.924,36.516,41.98,39.199,31.383,0.559,118200,39,2018-02-11 02:00:00,100,90,2,100,0
46.724,2.139,2441.4,0.0,10.149,169.14,2.219,0,10.048,9.821,9.701,65.758,36.516,41.984,39.199,31.383,0.551,118260,39,2018-02-11 03:00:00,100,100,2,100,0
46.771,2.137,2445.4,0.0,10.17,169.16,1.68,0,10.032,9.801,9.696,65.688,36.516,41.969,39.187,31.375,0.578,118320,39,2018-02-11 04:00:00,100,100,2,100,0
46.289,2.114,2443.4,0.003,10.144,169.1,1.727,0,10.055,9.814,9.705,65.846,36.492,41.984,39.199,31.477,0.568,118380,39,2018-02-11 05:00:00,100,100,2,100,0
46.436,2.112,2478.6,0.0,10.14,169.15,1.977,0,10.079,9.861,9.743,65.775,36.5,41.977,39.184,31.477,0.582,118440,39,2018-02-11 06:00:00,100,100,2,100,0
46.485,2.108,2478.6,0.001,10.151,169.03,1.43,0,10.1,9.868,9.753,65.87,36.512,42.012,39.195,31.473,0.567,118500,39,2018-02-11 07:00:00,100,100,2,100,0
46.795,2.138,2495.6,0.001,10.154,169.09,1.937,0,10.09,9.846,9.736,65.885,36.5,41.98,39.18,31.383,0.576,118560,39,2018-02-11 08:00:00,100,100,2,100,0
45.868,2.099,2512.6,0.003,10.173,169.1,1.508,0,10.031,9.807,9.687,66.042,36.488,41.992,39.184,31.566,0.564,118620,39,2018-02-11 09:00:00,100,100,2,100,0
45.727,2.087,2509.4,0.0,10.154,169.16,1.461,0,10.084,9.85,9.73,65.779,36.516,41.98,39.184,31.555,0.559,118680,39,2018-02-11 10:00:00,100,100,2,100,0
46.276,2.109,2512.8,0.003,10.15,169.07,1.289,0,10.09,9.841,9.733,65.951,36.586,41.992,39.207,31.473,0.563,118740,39,2018-02-11 11:00:00,100,100,2,100,0
46.276,2.109,2512.2,0.0,10.139,169.1,1.719,0,10.095,9.856,9.745,65.792,36.5,41.996,39.184,31.461,0.554,118800,39,2018-02-11 12:00:00,100,100,2,100,0
46.195,2.108,2510.6,0.001,10.148,169.03,2.141,0,10.08,9.861,9.741,67.177,36.504,42.004,39.266,31.465,0.562,118860,39,2018-02-11 13:00:00,100,100,1,100,1
46.696,2.13,2468.6,0.003,10.141,169.79,1.414,0,10.059,9.844,9.733,67.364,36.512,41.996,39.18,31.383,0.584,118920,39,2018-02-11 14:00:00,100,73,1,100,0
46.427,2.12,2450.6,0.0,10.147,169.77,1.281,0,10.064,9.837,9.72,67.25,36.5,42.047,39.273,31.48,0.558,118980,39,2018-02-11 15:00:00,100,73,1,100,0
46.502,2.12,2431.4,0.0,10.134,169.71,1.258,0,10.077,9.85,9.738,67.229,36.5,42.051,39.187,31.461,0.553,119040,39,2018-02-11 16:00:00,100,73,1,100,0
46.754,2.135,2441.4,0.0,10.149,169.6,1.227,0,10.064,9.828,9.72,67.209,36.492,42.059,39.18,31.375,0.551,119100,39,2018-02-11 17:00:00,100,73,1,100,0
46.233,2.12,2445.4,0.004,10.167,169.66,1.25,0,10.038,9.808,9.684,67.176,36.582,42.074,39.199,31.465,0.557,119160,39,2018-02-11 18:00:00,100,73,1,100,0
46.724,2.137,2457.4,0.0,10.159,169.61,1.234,0,10.029,9.803,9.684,67.172,36.488,42.074,39.215,31.383,0.558,119220,39,2018-02-11 19:00:00,100,73,1,100,0
46.737,2.136,2469.2,0.0,10.154,169.82,1.172,0,10.019,9.807,9.698,67.154,36.48,42.059,39.199,31.383,0.573,119280,39,2018-02-11 20:00:00,100,73,1,100,0
46.371,2.13,2473.0,0.003,10.158,169.66,1.211,0,10.051,9.826,9.704,67.252,36.492,42.074,39.184,31.398,0.559,119340,39,2018-02-11 21:00:00,100,73,1,100,0
46.707,2.129,2486.2,0.003,10.123,169.8,2.055,0,10.044,9.818,9.705,67.221,36.504,42.09,39.168,31.371,0.57,119400,39,2018-02-11 22:00:00,100,73,1,100,0
46.553,2.14,2482.0,0.0,10.167,169.94,1.43,0,10.055,9.826,9.703,67.253,36.516,41.98,39.227,31.375,0.581,119460,39,2018-02-11 23:00:00,100,73,1,100,0
46.548,2.133,2484.0,0.0,10.156,169.84,1.289,0,10.035,9.823,9.717,67.394,36.512,42.051,39.18,31.375,0.576,119520,39,2018-02-12 00:00:00,100,80,1,100,0
46.491,2.132,2480.4,0.0,10.149,169.63,2.289,0,10.07,9.837,9.716,67.372,36.5,41.996,39.215,31.383,0.582,119580,39,2018-02-12 01:00:00,100,80,1,100,0
46.455,2.131,2494.2,0.003,10.17,169.8,1.25,0,10.094,9.853,9.745,67.332,36.504,42.004,39.207,31.395,0.585,119640,39,2018-02-12 02:00:00,100,80,1,100,0
46.956,2.158,2495.2,0.0,10.122,169.6,1.281,0,10.038,9.825,9.717,67.282,36.512,41.984,39.168,31.301,0.567,119700,39,2018-02-12 03:00:00,100,80,1,100,0
46.368,2.133,2505.8,0.001,10.134,169.71,1.172,0,10.042,9.812,9.693,67.186,36.504,41.996,39.16,31.383,0.573,119760,39,2018-02-12 04:00:00,100,80,1,100,0
46.475,2.131,2507.4,0.0,10.144,169.68,1.484,0,10.03,9.809,9.698,67.208,36.465,42.012,39.168,31.398,0.579,119820,39,2018-02-12 05:00:00,100,80,1,100,0
46.932,2.148,2508.2,0.001,10.136,169.74,1.258,0,10.078,9.847,9.726,67.213,36.414,41.992,39.18,31.301,0.551,119880,39,2018-02-12 06:00:00,100,80,1,100,0
47.014,2.155,2488.6,0.003,10.132,169.69,1.203,0,10.073,9.845,9.731,67.175,36.41,42.008,39.184,31.301,0.561,119940,39,2018-02-12 07:00:00,100,80,1,100,0
46.907,2.154,2452.6,0.008,10.149,169.77,2.328,0,10.062,9.815,9.702,67.389,36.406,41.992,39.172,31.309,0.561,120000,39,2018-02-12 08:00:00,100,80,1,100,0
46.499,2.133,2435.4,0.001,10.13,169.71,1.984,0,10.055,9.841,9.722,67.253,36.414,41.957,39.18,31.383,0.581,120060,39,2018-02-12 09:00:00,100,80,1,100,0
46.38,2.128,2451.4,0.001,10.143,169.79,1.133,0,10.056,9.83,9.71,67.232,36.41,41.965,39.172,31.371,0.568,120120,39,2018-02-12 10:00:00,100,90,1,100,0
46.847,2.151,2455.4,0.0,10.133,169.84,1.281,0,10.048,9.811,9.694,67.408,36.398,41.953,39.168,31.309,0.565,120180,39,2018-02-12 11:00:00,100,90,1,100,0
46.396,2.13,2472.8,0.001,10.141,169.73,1.25,0,10.092,9.856,9.731,67.179,36.398,41.922,39.18,31.395,0.566,120240,39,2018-02-12 12:00:00,100,90,1,100,0
46.988,2.159,2493.2,0.0,10.171,169.73,1.664,0,10.034,9.811,9.698,67.262,36.414,41.93,39.16,31.301,0.567,120300,39,2018-02-12 13:00:00,100,90,1,100,0
46.918,2.148,2493.4,0.004,10.161,169.74,1.617,0,10.065,9.833,9.736,67.404,36.387,41.922,39.172,31.301,0.567,120360,39,2018-02-12 14:00:00,100,90,1,100,0
47.259,2.155,2498.4,0.0,10.124,169.79,1.898,0,10.083,9.863,9.755,67.151,36.414,41.898,39.187,31.305,0.562,120420,39,2018-02-12 15:00:00,100,90,1,100,0
46.87,2.147,2505.4,0.0,10.177,169.79,1.094,0,10.084,9.851,9.741,67.314,36.414,41.914,39.16,31.293,0.558,120480,39,2018-02-12 16:00:00,100,90,1,100,0
46.847,2.147,2507.4,0.001,10.141,169.87,2.086,0,10.072,9.853,9.731,67.349,36.406,41.902,39.172,31.301,0.562,120540,39,2018-02-12 17:00:00,100,90,1,100,0
46.634,2.13,2507.2,0.001,10.145,169.9,1.336,0,10.084,9.851,9.731,67.206,36.41,41.914,39.086,31.293,0.584,120600,39,2018-02-12 18:00:00,100,90,1,100,0
46.652,2.163,2502.2,0.0,10.142,169.77,1.203,0,10.081,9.851,9.733,67.37,36.395,41.902,39.168,31.281,0.701,120660,39,2018-02-12 19:00:00,100,90,1,100,0
47.14,2.176,2505.2,0.0,10.154,169.88,1.797,0,10.079,9.841,9.716,67.223,36.328,41.898,39.172,31.234,0.56,120720,39,2018-02-12 20:00:00,100,100,1,100,0
46.511,2.145,2506.0,0.0,10.164,169.83,1.523,0,10.045,9.823,9.715,67.464,36.328,41.898,39.098,31.301,0.561,120780,39,2018-02-12 21:00:00,100,100,1,100,0
46.508,2.138,2507.8,0.001,10.154,169.73,2.148,0,10.048,9.816,9.696,67.251,36.332,41.895,39.09,31.305,0.576,120840,39,2018-02-12 22:00:00,100,100,1,100,0
46.882,2.159,2509.6,0.0,10.169,169.85,1.195,0,10.059,9.846,9.736,67.391,36.328,41.91,39.086,31.223,0.581,120900,39,2018-02-12 23:00:00,100,100,1,100,0
46.633,2.139,2508.2,0.001,10.161,170.01,1.109,0,10.055,9.826,9.719,67.476,36.332,41.898,39.09,31.223,0.559,120960,39,2018-02-13 00:00:00,100,100,1,100,0
46.858,2.152,2505.2,0.006,10.154,169.83,1.172,0,10.075,9.848,9.734,67.291,36.332,41.895,39.098,31.234,0.572,121020,39,2018-02-13 01:00:00,100,100,1,100,0
46.821,2.15,2495.2,0.0,10.139,169.92,2.398,0,10.111,9.88,9.765,67.27,36.332,41.816,39.086,31.238,0.569,121080,39,2018-02-13 02:00:00,100,100,1,100,0
46.844,2.15,2485.4,0.001,10.151,169.71,1.234,0,10.13,9.887,9.765,67.298,36.227,41.902,39.098,31.223,0.575,121140,39,2018-02-13 03:00:00,100,100,1,100,0
46.643,2.133,2480.2,0.001,10.154,169.76,2.211,0,10.08,9.857,9.743,67.399,36.246,41.902,39.02,31.203,0.576,121200,39,2018-02-13 04:00:00,100,100,1,100,0
46.633,2.137,2476.8,0.0,10.161,169.85,1.18,0,10.062,9.828,9.715,67.292,36.328,41.887,39.02,31.223,0.561,121260,39,2018-02-13 05:00:00,100,100,1,100,0
46.61,2.128,2461.4,0.003,10.142,169.95,2.172,0,10.09,9.863,9.745,70.1,36.328,41.902,39.012,31.223,0.562,121320,39,2018-02-13 06:00:00,100,100,0,100,1
47.176,2.168,2431.6,0.003,10.158,171.11,1.875,0,10.116,9.895,9.783,70.092,36.332,41.898,39.047,31.16,0.567,121380,39,2018-02-13 07:00:00,100,73,0,100,0
47.164,2.164,2423.6,0.0,10.167,171.06,2.039,0,10.073,9.858,9.748,70.046,36.398,41.91,39.008,31.172,0.573,121440,39,2018-02-13 08:00:00,100,73,0,100,0
46.928,2.153,2442.4,0.0,10.153,171.13,1.273,0,10.084,9.846,9.731,69.98,36.422,41.922,39.078,31.227,0.573,121500,39,2018-02-13 09:00:00,100,73,0,100,0
46.903,2.152,2445.4,0.006,10.158,171.13,1.914,0,10.094,9.858,9.738,69.705,36.434,41.91,39.098,31.215,0.57,121560,39,2018-02-13 10:00:00,100,73,0,100,0
47.299,2.164,2433.4,0.0,10.134,171.14,1.562,0,10.112,9.88,9.757,70.141,36.332,41.902,39.09,31.156,0.557,121620,39,2018-02-13 11:00:00,100,73,0,100,0
46.882,2.156,2431.4,0.001,10.145,171.06,1.211,0,10.084,9.854,9.738,69.875,36.406,41.898,39.09,31.223,0.571,121680,39,2018-02-13 12:00:00,100,73,0,100,0
47.217,2.167,2429.4,0.001,10.163,171.13,2.008,0,10.062,9.814,9.698,69.971,36.422,41.895,39.098,31.145,0.56,121740,39,2018-02-13 13:00:00,100,73,0,100,0
46.983,2.158,2425.6,0.001,10.154,170.98,1.211,0,10.062,9.844,9.722,69.905,36.414,41.914,39.086,31.215,0.583,121800,39,2018-02-13 14:00:00,100,73,0,100,0
46.866,2.154,2482.6,0.001,10.149,171.15,2.141,0,10.076,9.87,9.75,69.611,36.328,41.902,39.09,31.223,0.564,121860,39,2018-02-13 15:00:00,100,73,0,100,0
46.951,2.159,2492.4,0.003,10.177,171.19,2.031,0,10.1,9.873,9.752,69.729,36.406,41.91,39.117,31.211,0.568,121920,39,2018-02-13 16:00:00,100,73,0,100,0
47.393,2.175,2501.6,0.001,10.136,171.15,1.367,0,10.105,9.876,9.757,69.851,36.422,41.902,39.09,31.145,0.563,121980,39,2018-02-13 17:00:00,100,80,0,100,0
46.998,2.162,2503.8,0.0,10.147,171.14,2.008,0,10.087,9.84,9.729,69.872,36.406,41.914,39.102,31.215,0.578,122040,39,2018-02-13 18:00:00,100,80,0,100,0
46.871,2.151,2502.0,0.001,10.162,170.98,1.156,0,10.072,9.846,9.726,69.609,36.41,41.895,39.102,31.215,0.57,122100,39,2018-02-13 19:00:00,100,80,0,100,0
46.834,2.152,2504.6,0.001,10.163,171.06,1.172,0,10.042,9.825,9.712,69.703,36.41,41.898,39.086,31.223,0.575,122160,39,2018-02-13 20:00:00,100,80,0,100,0
46.903,2.151,2499.8,0.0,10.158,171.04,1.18,0,10.066,9.832,9.711,69.523,36.434,41.902,39.078,31.215,0.562,122220,39,2018-02-13 21:00:00,100,80,0,100,0
46.891,2.158,2503.8,0.0,10.189,171.14,1.281,0,10.062,9.828,9.714,69.784,36.414,41.902,39.098,31.223,0.564,122280,39,2018-02-13 22:00:00,100,80,0,100,0
46.891,2.153,2503.2,0.0,10.159,170.98,2.07,0,10.048,9.844,9.719,69.564,36.41,41.902,39.102,31.215,0.576,122340,39,2018-02-13 23:00:00,100,80,0,100,0
47.266,2.166,2490.0,0.0,10.149,171.11,1.961,0,10.057,9.84,9.719,69.821,36.41,41.914,39.086,31.16,0.569,122400,39,2018-02-14 00:00:00,100,80,0,100,0
47.31,2.166,2467.4,0.0,10.147,171.01,1.906,0,10.089,9.861,9.75,69.543,36.414,41.898,39.078,31.145,0.574,122460,39,2018-02-14 01:00:00,100,80,0,100,0
47.323,2.169,2446.6,0.001,10.124,170.98,1.25,0,10.086,9.875,9.76,69.895,36.414,41.902,39.086,31.145,0.573,122520,39,2018-02-14 02:00:00,100,80,0,100,0
46.857,2.152,2427.4,0.0,10.142,171.11,1.625,0,10.09,9.854,9.736,69.8,36.414,41.895,39.09,31.227,0.582,122580,39,2018-02-14 03:00:00,100,90,0,100,0
46.883,2.157,2435.4,0.0,10.149,171.14,1.742,0,10.059,9.818,9.694,69.804,36.332,41.883,39.105,31.223,0.567,122640,39,2018-02-14 04:00:00,100,90,0,100,0
47.25,2.164,2447.4,0.001,10.137,170.98,1.82,0,10.109,9.873,9.753,69.598,36.328,41.902,39.086,31.148,0.567,122700,39,2018-02-14 05:00:00,100,90,0,100,0
46.567,2.155,2461.2,0.001,10.143,170.98,2.07,0,10.079,9.837,9.724,69.875,36.34,41.902,39.086,31.227,0.569,122760,39,2018-02-14 06:00:00,100,90,0,100,0
47.076,2.173,2467.0,0.001,10.156,171.0,2.32,0,10.062,9.828,9.72,69.633,36.227,41.902,39.086,31.148,0.564,122820,39,2018-02-14 07:00:00,100,90,0,100,0
46.714,2.153,2463.0,0.001,10.146,171.04,1.742,0,10.057,9.844,9.724,69.559,36.328,41.895,39.004,31.145,0.573,122880,39,2018-02-14 08:00:00,100,90,0,100,0
46.703,2.158,2470.4,0.001,10.144,171.08,1.836,0,10.089,9.863,9.748,69.963,36.328,41.844,39.012,31.148,0.575,122940,39,2018-02-14 09:00:00,100,90,0,100,0
46.751,2.151,2488.0,0.001,10.161,171.0,1.898,0,10.078,9.857,9.75,69.823,36.332,41.902,39.023,31.148,0.561,123000,39,2018-02-14 10:00:00,100,90,0,100,0
46.703,2.149,2493.6,0.0,10.158,170.98,1.211,0,10.057,9.825,9.709,69.886,36.262,41.902,39.008,31.168,0.562,123060,39,2018-02-14 11:00:00,100,90,0,100,0
46.867,2.149,2499.0,0.001,10.145,171.06,2.086,0,10.066,9.828,9.719,69.88,36.332,41.898,39.008,31.148,0.56,123120,39,2018-02-14 12:00:00,100,90,0,100,0
46.76,2.153,2504.4,0.001,10.148,170.92,1.93,0,10.066,9.847,9.733,69.886,36.254,41.895,39.012,31.148,0.569,123180,39,2018-02-14 13:00:00,100,100,0,100,0
46.726,2.145,2506.2,0.005,10.145,171.09,2.375,0,10.116,9.878,9.759,69.93,36.254,41.895,38.996,31.168,0.565,123240,39,2018-02-14 14:00:00,100,100,0,100,0
47.159,2.172,2494.6,0.0,10.138,171.02,2.328,0,10.095,9.873,9.76,69.918,36.328,41.828,39.023,31.07,0.563,123300,39,2018-02-14 15:00:00,100,100,0,100,0
47.248,2.171,2448.4,0.003,10.147,171.11,2.211,0,10.065,9.828,9.728,69.75,36.32,41.91,39.047,31.07,0.577,123360,39,2018-02-14 16:00:00,100,100,0,100,0
47.136,2.158,2433.4,0.003,10.154,170.93,2.164,0,10.072,9.853,9.743,69.952,36.25,41.828,39.062,31.078,0.572,123420,39,2018-02-14 17:00:00,100,100,0,100,0
47.299,2.175,2449.4,0.0,10.134,171.09,2.312,0,10.076,9.851,9.733,70.039,36.238,41.91,39.012,31.066,0.565,123480,39,2018-02-14 18:00:00,100,100,0,100,0
47.236,2.171,2472.6,0.0,10.141,171.14,1.82,0,10.077,9.859,9.748,69.917,36.238,41.875,39.004,31.16,0.575,123540,39,2018-02-14 19:00:00,100,100,0,100,0
47.065,2.156,2492.2,0.001,10.136,170.93,2.055,0,10.08,9.838,9.717,69.823,36.328,41.867,38.969,31.078,0.567,123600,39,2018-02-14 20:00:00,100,100,0,100,0
47.253,2.158,2500.0,0.001,10.143,170.92,2.133,0,10.095,9.877,9.765,69.859,36.238,41.84,38.965,31.051,0.586,123660,39,2018-02-14 21:00:00,100,100,0,100,0
47.175,2.162,2462.6,0.004,10.142,170.92,2.172,0,10.073,9.835,9.715,70.006,36.238,41.832,39.008,31.07,0.576,123720,39,2018-02-14 22:00:00,100,100,0,100,0
47.391,2.167,2433.4,0.0,10.138,171.24,1.312,0,10.092,9.87,9.755,69.624,36.246,41.832,38.996,31.09,0.604,123780,39,2018-02-14 23:00:00,100,100,0,90,1
47.053,2.157,2455.4,0.004,10.156,173.89,2.266,0,10.064,9.837,9.718,69.756,36.25,41.84,38.965,31.07,0.575,123840,39,2018-02-15 00:00:00,100,100,0,90,1
47.355,2.183,2467.4,0.0,10.142,173.87,1.914,0,10.116,9.87,9.752,69.725,36.238,41.723,38.937,31.062,0.585,123900,39,2018-02-15 01:00:00,100,100,0,90,1
46.854,2.17,2486.0,0.001,10.129,173.67,2.297,0,10.1,9.861,9.747,69.973,36.234,41.828,38.926,31.07,0.567,123960,39,2018-02-15 02:00:00,100,100,0,90,1
46.734,2.156,2504.4,0.0,10.156,173.97,1.289,0,10.066,9.857,9.741,69.782,36.238,41.828,38.918,31.066,0.577,124020,39,2018-02-15 03:00:00,100,100,0,90,1
47.149,2.184,2510.8,0.0,10.154,173.7,1.367,0,10.114,9.877,9.759,69.481,36.246,41.805,38.914,30.961,0.568,124080,39,2018-02-15 04:00:00,100,100,0,90,1
46.709,2.16,2515.0,0.003,10.163,173.78,2.344,0,10.08,9.844,9.736,69.502,36.246,41.766,38.926,31.066,0.557,124140,39,2018-02-15 05:00:00,100,100,0,90,1
46.747,2.148,2501.6,0.0,10.153,173.74,1.25,0,10.109,9.884,9.764,69.615,36.227,41.793,38.93,31.07,0.571,124200,39,2018-02-15 06:00:00,100,100,0,90,1
47.124,2.17,2433.4,0.0,10.149,173.76,1.172,0,10.139,9.905,9.788,69.757,36.25,41.75,38.926,30.977,0.557,124260,39,2018-02-15 07:00:00,100,100,0,90,1
47.21,2.173,2443.4,0.0,10.127,173.63,1.82,0,10.12,9.878,9.767,69.765,36.18,41.754,38.926,30.977,0.57,124320,39,2018-02-15 08:00:00,100,100,0,90,1
47.257,2.177,2455.4,0.001,10.138,173.54,1.445,0,10.065,9.84,9.725,65.853,36.168,41.75,38.926,30.965,0.58,124380,39,2018-02-15 09:00:00,100,100,2,90,1
47.499,2.175,2491.4,0.0,10.138,171.79,1.937,0,10.127,9.901,9.779,65.852,36.094,41.672,38.844,30.895,0.559,124440,39,2018-02-15 10:00:00,100,73,2,90,0
47.511,2.176,2510.0,0.0,10.159,171.67,2.406,0,10.1,9.872,9.748,65.715,36.086,41.652,38.844,30.895,0.566,124500,39,2018-02-15 11:00:00,100,73,2,90,0
47.25,2.152,2518.8,0.001,10.139,171.63,1.195,0,10.143,9.91,9.787,65.694,36.012,41.562,38.754,30.898,0.568,124560,39,2018-02-15 12:00:00,100,73,2,90,0
47.206,2.153,2532.6,0.003,10.174,171.57,1.102,0,10.089,9.868,9.76,65.769,36.09,41.574,38.762,30.922,0.568,124620,39,2018-02-15 13:00:00,100,73,2,90,0
47.122,2.152,2533.8,0.0,10.174,171.59,1.227,0,10.11,9.896,9.773,65.66,36.078,41.582,38.766,30.898,0.566,124680,39,2018-02-15 14:00:00,100,73,2,90,0
47.185,2.159,2527.2,0.006,10.163,171.62,1.281,0,10.128,9.894,9.78,65.862,36.0,41.57,38.762,30.91,0.576,124740,39,2018-02-15 15:00:00,100,73,2,90,0
47.147,2.155,2524.6,0.001,10.191,171.7,1.281,0,10.112,9.872,9.748,65.82,36.023,41.574,38.766,30.898,0.576,124800,39,2018-02-15 16:00:00,100,73,2,90,0
47.206,2.153,2529.4,0.003,10.153,171.49,1.305,0,10.122,9.913,9.795,65.76,36.02,41.57,38.777,30.898,0.575,124860,39,2018-02-15 17:00:00,100,73,2,90,0
47.086,2.146,2525.8,0.0,10.147,171.81,1.664,0,10.149,9.915,9.792,65.653,36.09,41.562,38.75,30.906,0.577,124920,39,2018-02-15 18:00:00,100,73,2,90,0
47.172,2.16,2510.8,0.0,10.152,171.63,1.516,0,10.138,9.923,9.812,65.613,36.02,41.562,38.77,30.922,0.569,124980,39,2018-02-15 19:00:00,100,73,2,90,0
47.036,2.151,2487.4,0.0,10.137,171.7,1.195,0,10.141,9.927,9.812,65.751,36.008,41.559,38.766,30.898,0.576,125040,39,2018-02-15 20:00:00,100,80,2,90,0
46.912,2.155,2473.4,0.001,10.187,171.51,1.258,0,10.163,9.927,9.802,65.859,36.008,41.562,38.762,30.898,0.585,125100,39,2018-02-15 21:00:00,100,80,2,90,0
46.937,2.153,2460.0,0.003,10.158,171.48,1.859,0,10.151,9.92,9.795,65.64,36.008,41.492,38.754,30.898,0.563,125160,39,2018-02-15 22:00:00,100,80,2,90,0
46.875,2.15,2495.6,0.005,10.163,171.54,1.508,0,10.154,9.928,9.805,65.65,36.02,41.543,38.754,30.91,0.566,125220,39,2018-02-15 23:00:00,100,80,2,90,0
47.034,2.163,2528.0,0.0,10.158,171.55,2.117,0,10.136,9.907,9.792,65.835,36.008,41.531,38.762,30.898,0.583,125280,39,2018-02-16 00:00:00,100,80,2,90,0
46.796,2.155,2538.6,0.0,10.174,171.63,2.422,0,10.13,9.903,9.776,65.744,36.02,41.535,38.754,30.91,0.572,125340,39,2018-02-16 01:00:00,100,80,2,90,0
46.842,2.154,2529.0,0.001,10.171,171.59,1.172,0,10.114,9.888,9.771,65.668,36.035,41.543,38.762,30.91,0.564,125400,39,2018-02-16 02:00:00,100,80,2,90,0
46.82,2.152,2527.6,0.001,10.169,171.33,1.227,0,10.099,9.88,9.759,65.795,36.008,41.508,38.77,30.906,0.578,125460,39,2018-02-16 03:00:00,100,80,2,90,0
46.828,2.158,2514.2,0.0,10.165,171.35,1.25,0,10.116,9.882,9.757,65.852,36.012,41.52,38.762,30.906,0.571,125520,39,2018-02-16 04:00:00,100,80,2,90,0
46.912,2.153,2502.0,0.004,10.172,171.41,2.328,0,10.108,9.877,9.747,65.8,36.008,41.52,38.754,30.898,0.578,125580,39,2018-02-16 05:00:00,100,80,2,90,0
46.841,2.149,2496.8,0.0,10.16,171.36,1.25,0,10.121,9.873,9.765,65.871,36.023,41.547,38.75,30.898,0.57,125640,39,2018-02-16 06:00:00,100,90,2,90,0
46.96,2.155,2491.0,0.001,10.156,171.51,1.227,0,10.141,9.91,9.787,65.861,35.996,41.535,38.809,30.891,0.573,125700,39,2018-02-16 07:00:00,100,90,2,90,0
46.911,2.153,2483.2,0.0,10.145,171.34,1.156,0,10.132,9.917,9.807,65.744,35.996,41.535,38.754,30.895,0.565,125760,39,2018-02-16 08:00:00,100,90,2,90,0
46.878,2.153,2485.4,0.0,10.159,171.43,1.195,0,10.149,9.917,9.788,65.751,36.012,41.516,38.766,30.891,0.553,125820,39,2018-02-16 09:00:00,100,90,2,90,0
46.911,2.156,2495.2,0.003,10.201,171.32,2.109,0,10.106,9.865,9.748,65.818,35.973,41.492,38.742,30.891,0.559,125880,39,2018-02-16 10:00:00,100,90,2,90,0
46.855,2.147,2496.6,0.003,10.162,171.27,1.125,0,10.147,9.906,9.788,65.717,35.992,41.504,38.754,30.918,0.587,125940,39,2018-02-16 11:00:00,100,90,2,90,0
46.828,2.149,2505.6,0.001,10.166,171.45,2.039,0,10.157,9.915,9.792,65.701,35.996,41.527,38.762,30.91,0.578,126000,39,2018-02-16 12:00:00,100,90,2,90,0
46.682,2.157,2507.2,0.003,10.174,171.27,1.273,0,10.108,9.873,9.755,65.904,36.023,41.508,38.777,30.906,0.564,126060,39,2018-02-16 13:00:00,100,90,2,90,0
46.742,2.157,2507.6,0.0,10.154,171.33,1.273,0,10.13,9.892,9.776,65.632,36.02,41.488,38.77,30.906,0.562,126120,39,2018-02-16 14:00:00,100,90,2,90,0
46.657,2.15,2509.6,0.0,10.156,171.22,1.305,0,10.139,9.915,9.8,65.886,36.0,41.504,38.762,30.918,0.564,126180,39,2018-02-16 15:00:00,100,90,2,90,0
46.646,2.151,2514.0,0.003,10.158,171.51,2.391,0,10.101,9.866,9.753,65.882,35.996,41.504,38.77,30.895,0.586,126240,39,2018-02-16 16:00:00,100,100,2,90,0
46.96,2.156,2511.6,0.001,10.176,171.33,1.336,0,10.168,9.935,9.816,65.824,35.926,41.492,38.77,30.891,0.554,126300,39,2018-02-16 17:00:00,100,100,2,90,0
47.235,2.178,2498.6,0.005,10.153,171.36,1.312,0,10.143,9.932,9.814,65.776,36.0,41.48,38.766,30.793,0.564,126360,39,2018-02-16 18:00:00,100,100,2,90,0
47.144,2.185,2485.4,0.0,10.176,171.36,1.133,0,10.12,9.902,9.79,65.738,36.02,41.492,38.762,30.883,0.564,126420,39,2018-02-16 19:00:00,100,100,2,90,0
47.075,2.178,2483.4,0.001,10.179,171.33,1.258,0,10.086,9.866,9.75,65.69,35.914,41.488,38.766,30.812,0.576,126480,39,2018-02-16 20:00:00,100,100,2,90,0
47.193,2.181,2485.2,0.001,10.148,171.23,1.953,0,10.138,9.92,9.8,65.695,35.926,41.437,38.77,30.805,0.565,126540,39,2018-02-16 21:00:00,100,100,2,90,0
47.156,2.176,2481.4,0.003,10.167,171.33,1.234,0,10.167,9.919,9.809,65.717,35.902,41.469,38.766,30.824,0.557,126600,39,2018-02-16 22:00:00,100,100,2,90,0
46.984,2.163,2477.4,0.003,10.167,171.31,2.227,0,10.148,9.918,9.8,65.595,35.93,41.492,38.699,30.816,0.562,126660,39,2018-02-16 23:00:00,100,100,2,90,0
46.944,2.164,2475.6,0.001,10.167,171.38,2.172,0,10.122,9.905,9.785,65.736,35.926,41.453,38.687,30.812,0.58,126720,39,2018-02-17 00:00:00,100,100,2,90,0
46.911,2.162,2461.4,0.0,10.169,171.38,2.352,0,10.114,9.876,9.771,65.764,35.906,41.453,38.699,30.816,0.58,126780,39,2018-02-17 01:00:00,100,100,2,90,0
46.98,2.157,2459.4,0.001,10.143,171.24,2.25,0,10.139,9.927,9.799,67.275,35.906,41.461,38.75,30.824,0.57,126840,39,2018-02-17 02:00:00,100,100,1,90,1
46.924,2.158,2449.4,0.0,10.169,172.14,1.828,0,10.121,9.878,9.753,67.183,35.926,41.496,38.687,30.812,0.571,126900,39,2018-02-17 03:00:00,100,73,1,90,0
46.887,2.155,2447.4,0.006,10.174,172.23,1.25,0,10.127,9.91,9.795,67.257,35.918,41.465,38.68,30.812,0.585,126960,39,2018-02-17 04:00:00,100,73,1,90,0
46.587,2.159,2441.4,0.0,10.158,171.98,1.156,0,10.116,9.908,9.785,67.405,35.941,41.488,38.695,30.805,0.579,127020,39,2018-02-17 05:00:00,100,73,1,90,0
46.609,2.158,2441.6,0.0,10.165,171.91,1.211,0,10.135,9.895,9.775,67.385,35.926,41.48,38.687,30.812,0.579,127080,39,2018-02-17 06:00:00,100,73,1,90,0
46.184,2.137,2441.4,0.001,10.183,172.14,1.672,0,10.111,9.891,9.768,67.277,35.93,41.48,38.687,30.883,0.576,127140,39,2018-02-17 07:00:00,100,73,1,90,0
46.587,2.156,2439.4,0.0,10.178,172.21,2.07,0,10.146,9.931,9.807,67.257,35.93,41.488,38.695,30.812,0.567,127200,39,2018-02-17 08:00:00,100,73,1,90,0
46.632,2.155,2439.4,0.0,10.18,172.18,1.078,0,10.089,9.873,9.762,67.251,35.934,41.449,38.699,30.816,0.572,127260,39,2018-02-17 09:00:00,100,73,1,90,0
47.446,2.176,2462.4,0.003,10.161,172.14,2.32,0,10.162,9.927,9.811,67.229,35.918,41.414,38.699,30.738,0.586,127320,39,2018-02-17 10:00:00,100,73,1,90,0
47.189,2.187,2481.4,0.0,10.16,172.16,1.328,0,10.128,9.888,9.771,67.34,35.926,41.41,38.695,30.727,0.58,127380,39,2018-02-17 11:00:00,100,73,1,90,0
46.564,2.154,2514.2,0.003,10.148,172.12,2.211,0,10.162,9.923,9.797,67.467,35.863,41.406,38.695,30.816,0.577,127440,39,2018-02-17 12:00:00,100,73,1,90,0
47.119,2.183,2514.4,0.0,10.166,172.19,1.289,0,10.113,9.885,9.769,67.213,35.926,41.406,38.684,30.723,0.595,127500,39,2018-02-17 13:00:00,100,80,1,90,0
46.134,2.133,2514.6,0.004,10.163,171.94,2.367,0,10.087,9.86,9.747,67.423,35.906,41.406,38.672,30.828,0.575,127560,39,2018-02-17 14:00:00,100,80,1,90,0
46.871,2.159,2513.2,0.0,10.162,172.14,1.391,0,10.132,9.902,9.781,67.413,35.918,41.395,38.684,30.727,0.575,127620,39,2018-02-17 15:00:00,100,80,1,90,0
46.931,2.157,2495.2,0.0,10.148,172.1,2.289,0,10.134,9.913,9.802,67.397,35.824,41.406,38.621,30.727,0.567,127680,39,2018-02-17 16:00:00,100,80,1,90,0
46.861,2.157,2493.6,0.004,10.173,172.24,1.461,0,10.124,9.896,9.772,67.246,35.824,41.422,38.602,30.734,0.582,127740,39,2018-02-17 17:00:00,100,80,1,90,0
46.818,2.16,2494.0,0.001,10.18,172.35,1.258,0,10.127,9.894,9.766,67.373,35.828,41.367,38.59,30.738,0.572,127800,39,2018-02-17 18:00:00,100,80,1,90,0
46.956,2.167,2481.0,0.0,10.163,172.31,1.281,0,10.145,9.93,9.816,67.277,35.824,41.328,38.633,30.734,0.562,127860,39,2018-02-17 19:00:00,100,80,1,90,0
46.906,2.161,2475.2,0.0,10.162,172.09,1.805,0,10.121,9.902,9.783,67.21,35.918,41.359,38.645,30.734,0.57,127920,39,2018-02-17 20:00:00,100,80,1,90,0
46.96,2.157,2465.4,0.0,10.162,172.14,2.187,0,10.168,9.928,9.812,67.273,35.852,41.328,38.617,30.734,0.558,127980,39,2018-02-17 21:00:00,100,80,1,90,0
46.799,2.154,2451.4,0.0,10.158,172.21,1.25,0,10.13,9.895,9.783,67.393,35.836,41.324,38.605,30.727,0.575,128040,39,2018-02-17 22:00:00,100,80,1,90,0
47.092,2.17,2445.4,0.001,10.15,172.14,1.133,0,10.167,9.943,9.825,67.295,35.848,41.344,38.586,30.645,0.581,128100,39,2018-02-17 23:00:00,100,90,1,90,0
47.162,2.167,2445.4,0.003,10.177,172.21,2.398,0,10.127,9.912,9.795,67.273,35.828,41.324,38.539,30.656,0.57,128160,39,2018-02-18 00:00:00,100,90,1,90,0
46.671,2.142,2445.4,0.003,10.187,172.08,2.328,0,10.109,9.889,9.776,67.32,35.836,41.332,38.551,30.734,0.567,128220,39,2018-02-18 01:00:00,100,90,1,90,0
47.404,2.179,2445.4,0.001,10.148,172.18,1.82,0,10.146,9.922,9.8,67.201,35.746,41.328,38.559,30.656,0.559,128280,39,2018-02-18 02:00:00,100,90,1,90,0
47.208,2.166,2447.4,0.0,10.151,172.25,1.984,0,10.195,9.946,9.836,67.391,35.824,41.312,38.562,30.641,0.576,128340,39,2018-02-18 03:00:00,100,90,1,90,0
46.874,2.168,2445.4,0.0,10.176,172.21,1.82,0,10.141,9.902,9.783,67.276,35.746,41.316,38.539,30.652,0.576,128400,39,2018-02-18 04:00:00,100,90,1,90,0
46.887,2.167,2445.4,0.001,10.167,172.32,1.727,0,10.135,9.888,9.768,67.281,35.754,41.324,38.59,30.645,0.569,128460,39,2018-02-18 05:00:00,100,90,1,90,0
47.065,2.178,2451.4,0.003,10.186,172.24,1.898,0,10.127,9.896,9.78,67.206,35.746,41.332,38.566,30.633,0.564,128520,39,2018-02-18 06:00:00,100,90,1,90,0
46.844,2.161,2457.4,0.003,10.181,172.32,1.492,0,10.144,9.922,9.799,67.332,35.754,41.328,38.508,30.645,0.574,128580,39,2018-02-18 07:00:00,100,90,1,90,0
46.814,2.161,2459.4,0.0,10.172,172.14,1.602,0,10.17,9.944,9.828,67.202,35.758,41.332,38.59,30.645,0.565,128640,39,2018-02-18 08:00:00,100,90,1,90,0
46.749,2.158,2467.4,0.0,10.149,171.97,1.648,0,10.166,9.944,9.835,67.135,35.742,41.316,38.496,30.645,0.568,128700,39,2018-02-18 09:00:00,100,100,1,90,0
46.807,2.154,2478.8,0.0,10.163,172.24,1.641,0,10.178,9.958,9.84,67.313,35.676,41.34,38.52,30.652,0.586,128760,39,2018-02-18 10:00:00,100,100,1,90,0
46.796,2.157,2467.4,0.001,10.166,172.19,1.523,0,10.127,9.922,9.806,67.07,35.742,41.324,38.547,30.633,0.567,128820,39,2018-02-18 11:00:00,100,100,1,90,0
46.763,2.152,2471.4,0.004,10.167,172.23,1.562,0,10.158,9.922,9.797,67.261,35.746,41.316,38.52,30.633,0.572,128880,39,2018-02-18 12:00:00,100,100,1,90,0
46.712,2.157,2473.2,0.0,10.162,172.05,1.625,0,10.184,9.943,9.819,67.189,35.664,41.285,38.512,30.652,0.561,128940,39,2018-02-18 13:00:00,100,100,1,90,0
46.853,2.161,2477.2,0.0,10.156,172.35,1.695,0,10.174,9.946,9.825,67.065,35.687,41.277,38.5,30.633,0.582,129000,39,2018-02-18 14:00:00,100,100,1,90,0
47.239,2.18,2465.4,0.003,10.179,172.11,1.68,0,10.134,9.901,9.79,67.34,35.668,41.312,38.512,30.566,0.564,129060,39,2018-02-18 15:00:00,100,100,1,90,0
47.224,2.176,2451.4,0.004,10.183,171.95,2.148,0,10.171,9.958,9.844,67.298,35.676,41.25,38.508,30.574,0.571,129120,39,2018-02-18 16:00:00,100,100,1,90,0
46.763,2.159,2441.4,0.001,10.18,172.22,2.227,0,10.141,9.912,9.797,67.363,35.664,41.258,38.52,30.652,0.562,129180,39,2018-02-18 17:00:00,100,100,1,90,0
46.625,2.171,2500.0,0.0,10.167,172.27,1.484,0,10.17,9.948,9.831,67.039,35.664,41.258,38.512,30.633,0.58,129240,39,2018-02-18 18:00:00,100,100,1,90,0
46.544,2.154,2517.4,0.0,10.16,172.13,2.375,0,10.191,9.953,9.842,69.885,35.664,41.27,38.52,30.641,0.577,129300,39,2018-02-18 19:00:00,100,100,0,90,1
46.567,2.157,2503.4,0.001,10.178,173.61,1.18,0,10.163,9.92,9.804,70.019,35.742,41.273,38.52,30.652,0.589,129360,39,2018-02-18 20:00:00,100,73,0,90,0
46.473,2.156,2478.0,0.003,10.152,173.64,1.781,0,10.187,9.953,9.844,70.057,35.754,41.316,38.5,30.641,0.582,129420,39,2018-02-18 21:00:00,100,73,0,90,0
46.544,2.162,2469.2,0.0,10.17,173.48,1.195,0,10.152,9.908,9.788,69.816,35.734,41.328,38.512,30.645,0.595,129480,39,2018-02-18 22:00:00,100,73,0,90,0
46.437,2.153,2441.4,0.0,10.171,173.48,1.57,0,10.174,9.941,9.836,69.654,35.746,41.316,38.531,30.645,0.581,129540,39,2018-02-18 23:00:00,100,73,0,90,0
46.437,2.165,2434.0,0.003,10.163,173.56,2.328,0,10.177,9.95,9.831,69.761,35.742,41.312,38.512,30.652,0.587,129600,39,2018-02-19 00:00:00,100,73,0,90,0
46.437,2.168,2496.4,0.003,10.178,173.66,1.172,0,10.145,9.911,9.79,69.92,35.734,41.305,38.531,30.633,0.58,129660,39,2018-02-19 01:00:00,100,73,0,90,0
46.233,2.159,2520.0,0.0,10.189,173.69,2.094,0,10.166,9.933,9.802,69.819,35.746,41.316,38.496,30.66,0.587,129720,39,2018-02-19 02:00:00,100,73,0,90,0
46.224,2.161,2490.6,0.001,10.194,173.69,2.141,0,10.178,9.938,9.823,69.643,35.746,41.316,38.523,30.652,0.575,129780,39,2018-02-19 03:00:00,100,73,0,90,0
46.682,2.165,2456.0,0.0,10.191,173.69,2.039,0,10.147,9.922,9.8,69.701,35.746,41.312,38.512,30.629,0.582,129840,39,2018-02-19 04:00:00,100,73,0,90,0
46.237,2.167,2436.0,0.003,10.179,173.74,1.258,0,10.159,9.922,9.799,69.877,35.652,41.316,38.52,30.633,0.566,129900,39,2018-02-19 05:00:00,100,73,0,90,0
46.693,2.181,2522.0,0.0,10.187,173.57,2.289,0,10.166,9.924,9.804,69.916,35.664,41.305,38.5,30.562,0.58,129960,39,2018-02-19 06:00:00,100,80,0,90,0
46.224,2.17,2505.8,0.001,10.189,173.78,2.445,0,10.163,9.936,9.814,69.571,35.668,41.316,38.512,30.641,0.598,130020,39,2018-02-19 07:00:00,100,80,0,90,0
46.835,2.187,2475.6,0.0,10.176,173.59,1.109,0,10.152,9.923,9.812,69.936,35.668,41.305,38.52,30.562,0.568,130080,39,2018-02-19 08:00:00,100,80,0,90,0
46.774,2.184,2453.4,0.001,10.185,173.57,2.375,0,10.152,9.919,9.802,70.09,35.676,41.289,38.52,30.562,0.584,130140,39,2018-02-19 09:00:00,100,80,0,90,0
46.991,2.182,2442.0,0.003,10.232,173.46,2.094,0,10.141,9.922,9.807,69.545,35.668,41.219,38.426,30.555,0.571,130200,39,2018-02-19 10:00:00,100,80,0,90,0
46.553,2.158,2435.4,0.001,10.187,173.48,2.187,0,10.158,9.939,9.826,69.943,35.66,41.246,38.441,30.562,0.57,130260,39,2018-02-19 11:00:00,100,80,0,90,0
46.447,2.156,2433.4,0.0,10.161,173.5,2.25,0,10.2,9.969,9.854,70.074,35.664,41.219,38.426,30.562,0.559,130320,39,2018-02-19 12:00:00,100,80,0,90,0
46.023,2.134,2453.4,0.0,10.174,173.63,2.25,0,10.154,9.946,9.83,69.808,35.668,41.242,38.437,30.641,0.562,130380,39,2018-02-19 13:00:00,100,80,0,90,0
46.896,2.183,2477.6,0.004,10.186,173.63,1.68,0,10.137,9.913,9.793,70.059,35.652,41.207,38.437,30.488,0.567,130440,39,2018-02-19 14:00:00,100,80,0,90,0
46.402,2.152,2495.6,0.001,10.182,173.63,1.203,0,10.141,9.924,9.812,70.018,35.668,41.191,38.437,30.566,0.569,130500,39,2018-02-19 15:00:00,100,80,0,90,0
46.599,2.162,2517.6,0.001,10.171,173.75,1.133,0,10.2,9.971,9.859,70.169,35.668,41.152,38.437,30.574,0.571,130560,39,2018-02-19 16:00:00,100,90,0,90,0
46.494,2.155,2511.8,0.0,10.19,173.56,1.461,0,10.139,9.912,9.788,70.249,35.66,41.141,38.441,30.566,0.592,130620,39,2018-02-19 17:00:00,100,90,0,90,0
46.541,2.158,2501.4,0.0,10.174,173.46,2.219,0,10.195,9.967,9.861,70.133,35.68,41.141,38.437,30.555,0.575,130680,39,2018-02-19 18:00:00,100,90,0,90,0
46.41,2.153,2497.8,0.0,10.174,173.59,2.109,0,10.17,9.937,9.812,70.136,35.57,41.156,38.426,30.551,0.567,130740,39,2018-02-19 19:00:00,100,90,0,90,0
47.0,2.184,2483.6,0.001,10.174,173.59,2.352,0,10.163,9.936,9.812,69.959,35.664,41.086,38.445,30.469,0.578,130800,39,2018-02-19 20:00:00,100,90,0,90,0
46.931,2.184,2484.4,0.0,10.177,173.65,2.406,0,10.182,9.96,9.844,69.99,35.66,41.109,38.426,30.473,0.577,130860,39,2018-02-19 21:00:00,100,90,0,90,0
46.47,2.162,2471.0,0.0,10.174,173.7,2.43,0,10.212,9.985,9.855,69.935,35.594,41.086,38.437,30.551,0.571,130920,39,2018-02-19 22:00:00,100,90,0,90,0
46.66,2.131,2470.0,0.003,10.177,173.56,2.312,0,10.22,9.991,9.866,70.051,35.582,41.102,38.348,30.551,0.567,130980,39,2018-02-19 23:00:00,100,90,0,90,0
46.733,2.167,2457.4,0.001,10.189,173.64,1.227,0,10.181,9.958,9.84,69.924,35.582,41.074,38.344,30.488,0.567,131040,39,2018-02-20 00:00:00,100,90,0,90,0
46.453,2.158,2443.4,0.006,10.194,173.73,1.82,0,10.209,9.962,9.83,70.035,35.57,41.059,38.344,30.473,0.557,131100,39,2018-02-20 01:00:00,100,90,0,90,0
45.951,2.144,2435.4,0.004,10.186,173.62,2.312,0,10.167,9.922,9.802,70.038,35.574,41.066,38.348,30.562,0.587,131160,39,2018-02-20 02:00:00,100,100,0,90,0
46.869,2.182,2483.4,0.001,10.198,173.59,1.18,0,10.165,9.944,9.822,70.075,35.574,41.055,38.348,30.395,0.58,131220,39,2018-02-20 03:00:00,100,100,0,90,0
45.983,2.15,2509.2,0.0,10.185,173.73,1.203,0,10.179,9.957,9.833,69.852,35.5,41.07,38.348,30.555,0.575,131280,39,2018-02-20 04:00:00,100,100,0,90,0
46.325,2.151,2519.6,0.001,10.166,173.61,1.258,0,10.212,9.988,9.875,69.719,35.574,41.059,38.336,30.48,0.575,131340,39,2018-02-20 05:00:00,100,100,0,90,0
46.374,2.149,2509.6,0.003,10.186,173.61,1.352,0,10.218,9.989,9.875,69.979,35.508,41.055,38.348,30.488,0.569,131400,39,2018-02-20 06:00:00,100,100,0,90,0
46.362,2.156,2487.0,0.001,10.192,173.63,1.258,0,10.231,10.004,9.871,70.054,35.574,41.074,38.348,30.488,0.575,131460,39,2018-02-20 07:00:00,100,100,0,90,0
46.41,2.156,2461.8,0.005,10.18,173.65,1.305,0,10.246,10.002,9.878,69.923,35.488,41.059,38.344,30.484,0.566,131520,39,2018-02-20 08:00:00,100,100,0,90,0
46.383,2.158,2442.0,0.003,10.169,173.64,1.156,0,10.227,10.009,9.873,70.041,35.5,41.059,38.348,30.48,0.574,131580,39,2018-02-20 09:00:00,100,100,0,90,0
46.36,2.165,2501.4,0.001,10.187,173.76,2.43,0,10.223,9.995,9.866,69.68,35.5,41.055,38.352,30.48,0.582,131640,39,2018-02-20 10:00:00,100,100,0,90,0
47.287,2.184,2520.2,0.0,10.194,173.83,1.195,0,10.193,9.962,9.851,69.503,35.5,41.059,38.348,30.395,0.569,131700,39,2018-02-20 11:00:00,100,100,0,90,0
47.102,2.187,2508.6,0.001,10.199,173.61,1.203,0,10.195,9.957,9.836,69.91,35.504,41.039,38.359,30.414,0.573,131760,39,2018-02-20 12:00:00,100,100,0,90,0
46.362,2.164,2481.6,0.001,10.194,173.91,1.289,0,10.193,9.952,9.835,69.691,35.488,40.992,38.352,30.48,0.564,131820,39,2018-02-20 13:00:00,100,100,0,90,0
46.623,2.186,2448.0,0.003,10.187,173.65,1.211,0,10.189,9.957,9.83,70.058,35.5,41.02,38.324,30.402,0.564,131880,39,2018-02-20 14:00:00,100,100,0,90,0
46.596,2.167,2517.6,0.003,10.182,173.7,1.289,0,10.22,9.982,9.859,69.961,35.492,40.988,38.266,30.469,0.581,131940,39,2018-02-20 15:00:00,100,100,0,90,0
46.739,2.167,2519.6,0.0,10.191,173.72,1.203,0,10.231,9.995,9.868,69.719,35.441,40.973,38.254,30.414,0.567,132000,39,2018-02-20 16:00:00,100,100,0,90,0
47.067,2.168,2500.8,0.001,10.187,173.76,1.227,0,10.187,9.972,9.855,70.054,35.437,40.961,38.242,30.402,0.567,132060,39,2018-02-20 17:00:00,100,100,0,90,0
46.085,2.133,2504.6,0.0,10.184,173.69,1.109,0,10.189,9.972,9.858,70.012,35.508,40.957,38.27,30.48,0.581,132120,39,2018-02-20 18:00:00,100,100,0,90,0
46.669,2.161,2516.2,0.001,10.189,173.76,1.172,0,10.192,9.946,9.814,69.631,35.434,40.973,38.281,30.402,0.558,132180,39,2018-02-20 19:00:00,100,100,0,90,0
46.674,2.166,2521.0,0.001,10.169,173.81,1.25,0,10.226,9.997,9.871,69.641,35.422,40.922,38.27,30.422,0.567,132240,39,2018-02-20 20:00:00,100,100,0,90,0
